192	0.08221726190476193	3.2	0.19999999999999998	-0.04069264069264093	0.35
218	0.06579861111111121	3.0	1.0	-0.11341991341991364	0.35
210	0.05555555555555556	3.0	1.5	-0.15238095238095267	0.33999999999999997
168	0.034279336734693876	3.2	2.7	0.042424242424242295	0.39
194	0.05825892857142856	2.6	0.8	-0.16363636363636372	0.4
212	0.11153273809523814	3.0	1.5	0.17264069264069248	0.5199999999999999
198	0.059678819444444475	2.4	0.8	-0.17714285714285746	0.43999999999999995
196	0.039333767361111105	3.6	0.3	0.1828571428571426	0.37999999999999995
240	0.06510416666666662	3.4	0.8	-0.08571428571428616	0.2899999999999999
188	0.07068452380952368	3.4	2.3	0.10787878787878777	0.37999999999999995
164	0.03515625000000009	3.8	0.7	0.09142857142857122	0.29
228	0.036309523809523785	2.2	1.7	-0.23030303030303037	0.45
230	0.04079861111111125	3.4	0.8	-0.09523809523809539	0.27999999999999997
230	0.04079861111111125	3.4	0.8	-0.09523809523809539	0.27999999999999997
198	0.059678819444444475	2.4	0.8	-0.17714285714285746	0.43999999999999995
220	0.05146882971938774	3.4	0.3	0.3205194805194804	0.49000000000000005
194	0.05825892857142856	2.6	0.8	-0.16363636363636372	0.4
188	0.07068452380952368	3.4	2.3	0.10787878787878777	0.37999999999999995
170	0.03802083333333346	2.8	1.7	-0.0723809523809528	0.4299999999999999
188	0.07068452380952368	3.4	2.3	0.10787878787878777	0.37999999999999995
222	0.05121527777777795	3.8	0.19999999999999998	0.14285714285714252	0.29999999999999993
246	0.028428819444444454	3.2	1.2	0.07930735930735926	0.41
220	0.05146882971938774	3.4	0.3	0.3205194805194804	0.49000000000000005
196	0.039333767361111105	3.6	0.3	0.1828571428571426	0.37999999999999995
190	0.03692336309523806	3.0	1.0	0.02597402597402578	0.42000000000000004
246	0.028428819444444454	3.2	1.2	0.07930735930735926	0.41
248	0.06423611111111105	2.8	2.7000000000000006	-0.21523809523809553	0.33999999999999997
242	0.08684895833333339	3.4	0.8	0.07324675324675309	0.36
174	0.06795634920634908	3.2	2.7	-0.04069264069264093	0.35
250	0.06575520833333331	3.0	2.5	-0.06666666666666683	0.37
158	0.046006944444444524	3.6	1.3	-0.057142857142857516	0.2599999999999999
224	0.06322633219954639	2.8	0.19999999999999996	0.09575757575757574	0.5
150	0.054368622448979664	3.4	1.8000000000000003	0.0805194805194803	0.37
154	0.05525793650793645	2.4	1.3	-0.23116883116883152	0.41999999999999993
164	0.03515625000000009	3.8	0.7	0.09142857142857122	0.29
242	0.08684895833333339	3.4	0.8	0.07324675324675309	0.36
154	0.05525793650793645	2.4	1.3	-0.23116883116883152	0.41999999999999993
212	0.11153273809523814	3.0	1.5	0.17264069264069248	0.5199999999999999
152	0.05195932539682549	3.0	0.5	0.0774025974025971	0.4299999999999999
150	0.054368622448979664	3.4	1.8000000000000003	0.0805194805194803	0.37
236	0.07226562499999993	3.4	0.8	0.0342857142857139	0.3499999999999999
220	0.05146882971938774	3.4	0.3	0.3205194805194804	0.49000000000000005
154	0.05525793650793645	2.4	1.3	-0.23116883116883152	0.41999999999999993
206	0.06406250000000012	3.8	1.7	0.22476190476190458	0.36999999999999994
156	0.0632440476190478	3.6	1.3	0.025974025974025716	0.29999999999999993
198	0.059678819444444475	2.4	0.8	-0.17714285714285746	0.43999999999999995
160	0.04361979166666671	3.0	2.5	-0.04190476190476211	0.38999999999999996
176	0.06645408163265304	3.0	0.5	0.14545454545454542	0.4800000000000001
230	0.04079861111111125	3.4	0.8	-0.09523809523809539	0.27999999999999997
192	0.08221726190476193	3.2	0.19999999999999998	-0.04069264069264093	0.35
202	0.06510416666666685	3.8	0.7	0.14285714285714252	0.2999999999999999
204	0.08551587301587305	2.8	1.7	-0.058874458874458926	0.42000000000000004
232	0.05017361111111113	3.4	1.3000000000000003	0.11515151515151505	0.39999999999999997
172	0.07465277777777767	3.6	2.3	-0.057142857142857516	0.2599999999999999
158	0.046006944444444524	3.6	1.3	-0.057142857142857516	0.2599999999999999
172	0.07465277777777767	3.6	2.3	-0.057142857142857516	0.2599999999999999
232	0.05017361111111113	3.4	1.3000000000000003	0.11515151515151505	0.39999999999999997
168	0.034279336734693876	3.2	2.7	0.042424242424242295	0.39
192	0.08221726190476193	3.2	0.19999999999999998	-0.04069264069264093	0.35
200	0.0632440476190478	3.6	1.3000000000000003	0.025974025974025716	0.29999999999999993
166	0.051215277777777936	3.6	0.3	-0.057142857142857516	0.2599999999999999
176	0.06645408163265304	3.0	0.5	0.14545454545454542	0.4800000000000001
214	0.03541666666666695	3.0	0.5	-0.10389610389610429	0.35999999999999993
172	0.07465277777777767	3.6	2.3	-0.057142857142857516	0.2599999999999999
192	0.08221726190476193	3.2	0.19999999999999998	-0.04069264069264093	0.35
230	0.04079861111111125	3.4	0.8	-0.09523809523809539	0.27999999999999997
236	0.07226562499999993	3.4	0.8	0.0342857142857139	0.3499999999999999
242	0.08684895833333339	3.4	0.8	0.07324675324675309	0.36
218	0.06579861111111121	3.0	1.0	-0.11341991341991364	0.35
234	0.06229538690476193	3.2	0.19999999999999996	0.12779220779220765	0.43
198	0.059678819444444475	2.4	0.8	-0.17714285714285746	0.43999999999999995
188	0.07068452380952368	3.4	2.3	0.10787878787878777	0.37999999999999995
204	0.08551587301587305	2.8	1.7	-0.058874458874458926	0.42000000000000004
228	0.036309523809523785	2.2	1.7	-0.23030303030303037	0.45
244	0.046006944444444545	2.8	1.7	-0.21523809523809553	0.33999999999999997
226	0.047619047619047644	3.0	2.5	-0.06926406926406944	0.38
158	0.046006944444444524	3.6	1.3	-0.057142857142857516	0.2599999999999999
160	0.04361979166666671	3.0	2.5	-0.04190476190476211	0.38999999999999996
246	0.028428819444444454	3.2	1.2	0.07930735930735926	0.41
186	0.03645833333333327	3.8	1.7	0.09142857142857119	0.2899999999999999
212	0.11153273809523814	3.0	1.5	0.17264069264069248	0.5199999999999999
244	0.046006944444444545	2.8	1.7	-0.21523809523809553	0.33999999999999997
212	0.11153273809523814	3.0	1.5	0.17264069264069248	0.5199999999999999
226	0.047619047619047644	3.0	2.5	-0.06926406926406944	0.38
184	0.053124999999999915	3.2	3.2	-0.036363636363636466	0.33999999999999997
156	0.0632440476190478	3.6	1.3	0.025974025974025716	0.29999999999999993
188	0.07068452380952368	3.4	2.3	0.10787878787878777	0.37999999999999995
188	0.07068452380952368	3.4	2.3	0.10787878787878777	0.37999999999999995
176	0.06645408163265304	3.0	0.5	0.14545454545454542	0.4800000000000001
192	0.08221726190476193	3.2	0.19999999999999998	-0.04069264069264093	0.35
204	0.08551587301587305	2.8	1.7	-0.058874458874458926	0.42000000000000004
184	0.053124999999999915	3.2	3.2	-0.036363636363636466	0.33999999999999997
216	0.02890625000000002	3.2	0.7	-0.0800000000000001	0.31999999999999995
174	0.06795634920634908	3.2	2.7	-0.04069264069264093	0.35
226	0.047619047619047644	3.0	2.5	-0.06926406926406944	0.38
206	0.06406250000000012	3.8	1.7	0.22476190476190458	0.36999999999999994
214	0.03541666666666695	3.0	0.5	-0.10389610389610429	0.35999999999999993
216	0.02890625000000002	3.2	0.7	-0.0800000000000001	0.31999999999999995
200	0.0632440476190478	3.6	1.3000000000000003	0.025974025974025716	0.29999999999999993
212	0.11153273809523814	3.0	1.5	0.17264069264069248	0.5199999999999999
200	0.0632440476190478	3.6	1.3000000000000003	0.025974025974025716	0.29999999999999993
176	0.06645408163265304	3.0	0.5	0.14545454545454542	0.4800000000000001
210	0.05555555555555556	3.0	1.5	-0.15238095238095267	0.33999999999999997
202	0.06510416666666685	3.8	0.7	0.14285714285714252	0.2999999999999999
172	0.07465277777777767	3.6	2.3	-0.057142857142857516	0.2599999999999999
226	0.047619047619047644	3.0	2.5	-0.06926406926406944	0.38
182	0.06684027777777786	3.4	0.8	0.02476190476190454	0.33999999999999997
206	0.06406250000000012	3.8	1.7	0.22476190476190458	0.36999999999999994
158	0.046006944444444524	3.6	1.3	-0.057142857142857516	0.2599999999999999
232	0.05017361111111113	3.4	1.3000000000000003	0.11515151515151505	0.39999999999999997
174	0.06795634920634908	3.2	2.7	-0.04069264069264093	0.35
190	0.03692336309523806	3.0	1.0	0.02597402597402578	0.42000000000000004
206	0.06406250000000012	3.8	1.7	0.22476190476190458	0.36999999999999994
248	0.06423611111111105	2.8	2.7000000000000006	-0.21523809523809553	0.33999999999999997
224	0.06322633219954639	2.8	0.19999999999999996	0.09575757575757574	0.5
162	0.055431547619047644	2.8	1.7	-0.1321212121212123	0.38
192	0.08221726190476193	3.2	0.19999999999999998	-0.04069264069264093	0.35
250	0.06575520833333331	3.0	2.5	-0.06666666666666683	0.37
180	0.0701388888888889	2.6	0.8	-0.1705627705627708	0.41
236	0.07226562499999993	3.4	0.8	0.0342857142857139	0.3499999999999999
186	0.03645833333333327	3.8	1.7	0.09142857142857119	0.2899999999999999
248	0.06423611111111105	2.8	2.7000000000000006	-0.21523809523809553	0.33999999999999997
238	0.029712301587301638	3.0	1.0	-0.020779220779221053	0.39999999999999997
178	0.04127604166666667	3.4	0.3	0.2351515151515151	0.41999999999999993
206	0.06406250000000012	3.8	1.7	0.22476190476190458	0.36999999999999994
156	0.0632440476190478	3.6	1.3	0.025974025974025716	0.29999999999999993
158	0.046006944444444524	3.6	1.3	-0.057142857142857516	0.2599999999999999
182	0.06684027777777786	3.4	0.8	0.02476190476190454	0.33999999999999997
154	0.05525793650793645	2.4	1.3	-0.23116883116883152	0.41999999999999993
224	0.06322633219954639	2.8	0.19999999999999996	0.09575757575757574	0.5
232	0.05017361111111113	3.4	1.3000000000000003	0.11515151515151505	0.39999999999999997
230	0.04079861111111125	3.4	0.8	-0.09523809523809539	0.27999999999999997
196	0.039333767361111105	3.6	0.3	0.1828571428571426	0.37999999999999995
154	0.05525793650793645	2.4	1.3	-0.23116883116883152	0.41999999999999993
210	0.05555555555555556	3.0	1.5	-0.15238095238095267	0.33999999999999997
202	0.06510416666666685	3.8	0.7	0.14285714285714252	0.2999999999999999
180	0.0701388888888889	2.6	0.8	-0.1705627705627708	0.41
172	0.07465277777777767	3.6	2.3	-0.057142857142857516	0.2599999999999999
188	0.07068452380952368	3.4	2.3	0.10787878787878777	0.37999999999999995
242	0.08684895833333339	3.4	0.8	0.07324675324675309	0.36
234	0.06229538690476193	3.2	0.19999999999999996	0.12779220779220765	0.43
248	0.06423611111111105	2.8	2.7000000000000006	-0.21523809523809553	0.33999999999999997
164	0.03515625000000009	3.8	0.7	0.09142857142857122	0.29
156	0.0632440476190478	3.6	1.3	0.025974025974025716	0.29999999999999993
164	0.03515625000000009	3.8	0.7	0.09142857142857122	0.29
174	0.06795634920634908	3.2	2.7	-0.04069264069264093	0.35
222	0.05121527777777795	3.8	0.19999999999999998	0.14285714285714252	0.29999999999999993
242	0.08684895833333339	3.4	0.8	0.07324675324675309	0.36
174	0.06795634920634908	3.2	2.7	-0.04069264069264093	0.35
194	0.05825892857142856	2.6	0.8	-0.16363636363636372	0.4
172	0.07465277777777767	3.6	2.3	-0.057142857142857516	0.2599999999999999
180	0.0701388888888889	2.6	0.8	-0.1705627705627708	0.41
154	0.05525793650793645	2.4	1.3	-0.23116883116883152	0.41999999999999993
226	0.047619047619047644	3.0	2.5	-0.06926406926406944	0.38
176	0.06645408163265304	3.0	0.5	0.14545454545454542	0.4800000000000001
168	0.034279336734693876	3.2	2.7	0.042424242424242295	0.39
250	0.06575520833333331	3.0	2.5	-0.06666666666666683	0.37
242	0.08684895833333339	3.4	0.8	0.07324675324675309	0.36
208	0.05295138888888892	3.0	1.0	-0.16190476190476216	0.3299999999999999
204	0.08551587301587305	2.8	1.7	-0.058874458874458926	0.42000000000000004
194	0.05825892857142856	2.6	0.8	-0.16363636363636372	0.4
154	0.05525793650793645	2.4	1.3	-0.23116883116883152	0.41999999999999993
218	0.06579861111111121	3.0	1.0	-0.11341991341991364	0.35
156	0.0632440476190478	3.6	1.3	0.025974025974025716	0.29999999999999993
152	0.05195932539682549	3.0	0.5	0.0774025974025971	0.4299999999999999
226	0.047619047619047644	3.0	2.5	-0.06926406926406944	0.38
250	0.06575520833333331	3.0	2.5	-0.06666666666666683	0.37
208	0.05295138888888892	3.0	1.0	-0.16190476190476216	0.3299999999999999
238	0.029712301587301638	3.0	1.0	-0.020779220779221053	0.39999999999999997
180	0.0701388888888889	2.6	0.8	-0.1705627705627708	0.41
226	0.047619047619047644	3.0	2.5	-0.06926406926406944	0.38
168	0.034279336734693876	3.2	2.7	0.042424242424242295	0.39
202	0.06510416666666685	3.8	0.7	0.14285714285714252	0.2999999999999999
164	0.03515625000000009	3.8	0.7	0.09142857142857122	0.29
184	0.053124999999999915	3.2	3.2	-0.036363636363636466	0.33999999999999997
228	0.036309523809523785	2.2	1.7	-0.23030303030303037	0.45
224	0.06322633219954639	2.8	0.19999999999999996	0.09575757575757574	0.5
158	0.046006944444444524	3.6	1.3	-0.057142857142857516	0.2599999999999999
178	0.04127604166666667	3.4	0.3	0.2351515151515151	0.41999999999999993
222	0.05121527777777795	3.8	0.19999999999999998	0.14285714285714252	0.29999999999999993
248	0.06423611111111105	2.8	2.7000000000000006	-0.21523809523809553	0.33999999999999997
172	0.07465277777777767	3.6	2.3	-0.057142857142857516	0.2599999999999999
196	0.039333767361111105	3.6	0.3	0.1828571428571426	0.37999999999999995
210	0.05555555555555556	3.0	1.5	-0.15238095238095267	0.33999999999999997
244	0.046006944444444545	2.8	1.7	-0.21523809523809553	0.33999999999999997
230	0.04079861111111125	3.4	0.8	-0.09523809523809539	0.27999999999999997
218	0.06579861111111121	3.0	1.0	-0.11341991341991364	0.35
230	0.04079861111111125	3.4	0.8	-0.09523809523809539	0.27999999999999997
190	0.03692336309523806	3.0	1.0	0.02597402597402578	0.42000000000000004
184	0.053124999999999915	3.2	3.2	-0.036363636363636466	0.33999999999999997
212	0.11153273809523814	3.0	1.5	0.17264069264069248	0.5199999999999999
154	0.05525793650793645	2.4	1.3	-0.23116883116883152	0.41999999999999993
194	0.05825892857142856	2.6	0.8	-0.16363636363636372	0.4
186	0.03645833333333327	3.8	1.7	0.09142857142857119	0.2899999999999999
206	0.06406250000000012	3.8	1.7	0.22476190476190458	0.36999999999999994
232	0.05017361111111113	3.4	1.3000000000000003	0.11515151515151505	0.39999999999999997
154	0.05525793650793645	2.4	1.3	-0.23116883116883152	0.41999999999999993
160	0.04361979166666671	3.0	2.5	-0.04190476190476211	0.38999999999999996
246	0.028428819444444454	3.2	1.2	0.07930735930735926	0.41
248	0.06423611111111105	2.8	2.7000000000000006	-0.21523809523809553	0.33999999999999997
198	0.059678819444444475	2.4	0.8	-0.17714285714285746	0.43999999999999995
246	0.028428819444444454	3.2	1.2	0.07930735930735926	0.41
156	0.0632440476190478	3.6	1.3	0.025974025974025716	0.29999999999999993
198	0.059678819444444475	2.4	0.8	-0.17714285714285746	0.43999999999999995
198	0.059678819444444475	2.4	0.8	-0.17714285714285746	0.43999999999999995
194	0.05825892857142856	2.6	0.8	-0.16363636363636372	0.4
250	0.06575520833333331	3.0	2.5	-0.06666666666666683	0.37
212	0.11153273809523814	3.0	1.5	0.17264069264069248	0.5199999999999999
236	0.07226562499999993	3.4	0.8	0.0342857142857139	0.3499999999999999
238	0.029712301587301638	3.0	1.0	-0.020779220779221053	0.39999999999999997
180	0.0701388888888889	2.6	0.8	-0.1705627705627708	0.41
224	0.06322633219954639	2.8	0.19999999999999996	0.09575757575757574	0.5
172	0.07465277777777767	3.6	2.3	-0.057142857142857516	0.2599999999999999
164	0.03515625000000009	3.8	0.7	0.09142857142857122	0.29
246	0.028428819444444454	3.2	1.2	0.07930735930735926	0.41
230	0.04079861111111125	3.4	0.8	-0.09523809523809539	0.27999999999999997
218	0.06579861111111121	3.0	1.0	-0.11341991341991364	0.35
216	0.02890625000000002	3.2	0.7	-0.0800000000000001	0.31999999999999995
232	0.05017361111111113	3.4	1.3000000000000003	0.11515151515151505	0.39999999999999997
220	0.05146882971938774	3.4	0.3	0.3205194805194804	0.49000000000000005
208	0.05295138888888892	3.0	1.0	-0.16190476190476216	0.3299999999999999
188	0.07068452380952368	3.4	2.3	0.10787878787878777	0.37999999999999995
222	0.05121527777777795	3.8	0.19999999999999998	0.14285714285714252	0.29999999999999993
166	0.051215277777777936	3.6	0.3	-0.057142857142857516	0.2599999999999999
236	0.07226562499999993	3.4	0.8	0.0342857142857139	0.3499999999999999
182	0.06684027777777786	3.4	0.8	0.02476190476190454	0.33999999999999997
182	0.06684027777777786	3.4	0.8	0.02476190476190454	0.33999999999999997
186	0.03645833333333327	3.8	1.7	0.09142857142857119	0.2899999999999999
194	0.05825892857142856	2.6	0.8	-0.16363636363636372	0.4
194	0.05825892857142856	2.6	0.8	-0.16363636363636372	0.4
246	0.028428819444444454	3.2	1.2	0.07930735930735926	0.41
226	0.047619047619047644	3.0	2.5	-0.06926406926406944	0.38
152	0.05195932539682549	3.0	0.5	0.0774025974025971	0.4299999999999999
238	0.029712301587301638	3.0	1.0	-0.020779220779221053	0.39999999999999997
206	0.06406250000000012	3.8	1.7	0.22476190476190458	0.36999999999999994
208	0.05295138888888892	3.0	1.0	-0.16190476190476216	0.3299999999999999
206	0.06406250000000012	3.8	1.7	0.22476190476190458	0.36999999999999994
204	0.08551587301587305	2.8	1.7	-0.058874458874458926	0.42000000000000004
248	0.06423611111111105	2.8	2.7000000000000006	-0.21523809523809553	0.33999999999999997
230	0.04079861111111125	3.4	0.8	-0.09523809523809539	0.27999999999999997
172	0.07465277777777767	3.6	2.3	-0.057142857142857516	0.2599999999999999
150	0.054368622448979664	3.4	1.8000000000000003	0.0805194805194803	0.37
152	0.05195932539682549	3.0	0.5	0.0774025974025971	0.4299999999999999
224	0.06322633219954639	2.8	0.19999999999999996	0.09575757575757574	0.5
228	0.036309523809523785	2.2	1.7	-0.23030303030303037	0.45
188	0.07068452380952368	3.4	2.3	0.10787878787878777	0.37999999999999995
180	0.0701388888888889	2.6	0.8	-0.1705627705627708	0.41
192	0.08221726190476193	3.2	0.19999999999999998	-0.04069264069264093	0.35
236	0.07226562499999993	3.4	0.8	0.0342857142857139	0.3499999999999999
174	0.06795634920634908	3.2	2.7	-0.04069264069264093	0.35
156	0.0632440476190478	3.6	1.3	0.025974025974025716	0.29999999999999993
200	0.0632440476190478	3.6	1.3000000000000003	0.025974025974025716	0.29999999999999993
250	0.06575520833333331	3.0	2.5	-0.06666666666666683	0.37
250	0.06575520833333331	3.0	2.5	-0.06666666666666683	0.37
198	0.059678819444444475	2.4	0.8	-0.17714285714285746	0.43999999999999995
192	0.08221726190476193	3.2	0.19999999999999998	-0.04069264069264093	0.35
164	0.03515625000000009	3.8	0.7	0.09142857142857122	0.29
188	0.07068452380952368	3.4	2.3	0.10787878787878777	0.37999999999999995
232	0.05017361111111113	3.4	1.3000000000000003	0.11515151515151505	0.39999999999999997
202	0.06510416666666685	3.8	0.7	0.14285714285714252	0.2999999999999999
240	0.06510416666666662	3.4	0.8	-0.08571428571428616	0.2899999999999999
232	0.05017361111111113	3.4	1.3000000000000003	0.11515151515151505	0.39999999999999997
180	0.0701388888888889	2.6	0.8	-0.1705627705627708	0.41
198	0.059678819444444475	2.4	0.8	-0.17714285714285746	0.43999999999999995
162	0.055431547619047644	2.8	1.7	-0.1321212121212123	0.38
232	0.05017361111111113	3.4	1.3000000000000003	0.11515151515151505	0.39999999999999997
180	0.0701388888888889	2.6	0.8	-0.1705627705627708	0.41
156	0.0632440476190478	3.6	1.3	0.025974025974025716	0.29999999999999993
208	0.05295138888888892	3.0	1.0	-0.16190476190476216	0.3299999999999999
152	0.05195932539682549	3.0	0.5	0.0774025974025971	0.4299999999999999
206	0.06406250000000012	3.8	1.7	0.22476190476190458	0.36999999999999994
152	0.05195932539682549	3.0	0.5	0.0774025974025971	0.4299999999999999
190	0.03692336309523806	3.0	1.0	0.02597402597402578	0.42000000000000004
152	0.05195932539682549	3.0	0.5	0.0774025974025971	0.4299999999999999
226	0.047619047619047644	3.0	2.5	-0.06926406926406944	0.38
210	0.05555555555555556	3.0	1.5	-0.15238095238095267	0.33999999999999997
164	0.03515625000000009	3.8	0.7	0.09142857142857122	0.29
216	0.02890625000000002	3.2	0.7	-0.0800000000000001	0.31999999999999995
232	0.05017361111111113	3.4	1.3000000000000003	0.11515151515151505	0.39999999999999997
186	0.03645833333333327	3.8	1.7	0.09142857142857119	0.2899999999999999
164	0.03515625000000009	3.8	0.7	0.09142857142857122	0.29
156	0.0632440476190478	3.6	1.3	0.025974025974025716	0.29999999999999993
206	0.06406250000000012	3.8	1.7	0.22476190476190458	0.36999999999999994
198	0.059678819444444475	2.4	0.8	-0.17714285714285746	0.43999999999999995
226	0.047619047619047644	3.0	2.5	-0.06926406926406944	0.38
190	0.03692336309523806	3.0	1.0	0.02597402597402578	0.42000000000000004
160	0.04361979166666671	3.0	2.5	-0.04190476190476211	0.38999999999999996
162	0.055431547619047644	2.8	1.7	-0.1321212121212123	0.38
202	0.06510416666666685	3.8	0.7	0.14285714285714252	0.2999999999999999
198	0.059678819444444475	2.4	0.8	-0.17714285714285746	0.43999999999999995
244	0.046006944444444545	2.8	1.7	-0.21523809523809553	0.33999999999999997
190	0.03692336309523806	3.0	1.0	0.02597402597402578	0.42000000000000004
164	0.03515625000000009	3.8	0.7	0.09142857142857122	0.29
176	0.06645408163265304	3.0	0.5	0.14545454545454542	0.4800000000000001
172	0.07465277777777767	3.6	2.3	-0.057142857142857516	0.2599999999999999
198	0.059678819444444475	2.4	0.8	-0.17714285714285746	0.43999999999999995
174	0.06795634920634908	3.2	2.7	-0.04069264069264093	0.35
156	0.0632440476190478	3.6	1.3	0.025974025974025716	0.29999999999999993
214	0.03541666666666695	3.0	0.5	-0.10389610389610429	0.35999999999999993
210	0.05555555555555556	3.0	1.5	-0.15238095238095267	0.33999999999999997
232	0.05017361111111113	3.4	1.3000000000000003	0.11515151515151505	0.39999999999999997
194	0.05825892857142856	2.6	0.8	-0.16363636363636372	0.4
188	0.07068452380952368	3.4	2.3	0.10787878787878777	0.37999999999999995
240	0.06510416666666662	3.4	0.8	-0.08571428571428616	0.2899999999999999
160	0.04361979166666671	3.0	2.5	-0.04190476190476211	0.38999999999999996
154	0.05525793650793645	2.4	1.3	-0.23116883116883152	0.41999999999999993
212	0.11153273809523814	3.0	1.5	0.17264069264069248	0.5199999999999999
190	0.03692336309523806	3.0	1.0	0.02597402597402578	0.42000000000000004
180	0.0701388888888889	2.6	0.8	-0.1705627705627708	0.41
172	0.07465277777777767	3.6	2.3	-0.057142857142857516	0.2599999999999999
166	0.051215277777777936	3.6	0.3	-0.057142857142857516	0.2599999999999999
166	0.051215277777777936	3.6	0.3	-0.057142857142857516	0.2599999999999999
206	0.06406250000000012	3.8	1.7	0.22476190476190458	0.36999999999999994
160	0.04361979166666671	3.0	2.5	-0.04190476190476211	0.38999999999999996
154	0.05525793650793645	2.4	1.3	-0.23116883116883152	0.41999999999999993
204	0.08551587301587305	2.8	1.7	-0.058874458874458926	0.42000000000000004
198	0.059678819444444475	2.4	0.8	-0.17714285714285746	0.43999999999999995
244	0.046006944444444545	2.8	1.7	-0.21523809523809553	0.33999999999999997
204	0.08551587301587305	2.8	1.7	-0.058874458874458926	0.42000000000000004
190	0.03692336309523806	3.0	1.0	0.02597402597402578	0.42000000000000004
238	0.029712301587301638	3.0	1.0	-0.020779220779221053	0.39999999999999997
240	0.06510416666666662	3.4	0.8	-0.08571428571428616	0.2899999999999999
224	0.06322633219954639	2.8	0.19999999999999996	0.09575757575757574	0.5
240	0.06510416666666662	3.4	0.8	-0.08571428571428616	0.2899999999999999
234	0.06229538690476193	3.2	0.19999999999999996	0.12779220779220765	0.43
182	0.06684027777777786	3.4	0.8	0.02476190476190454	0.33999999999999997
214	0.03541666666666695	3.0	0.5	-0.10389610389610429	0.35999999999999993
218	0.06579861111111121	3.0	1.0	-0.11341991341991364	0.35
246	0.028428819444444454	3.2	1.2	0.07930735930735926	0.41
216	0.02890625000000002	3.2	0.7	-0.0800000000000001	0.31999999999999995
238	0.029712301587301638	3.0	1.0	-0.020779220779221053	0.39999999999999997
238	0.029712301587301638	3.0	1.0	-0.020779220779221053	0.39999999999999997
234	0.06229538690476193	3.2	0.19999999999999996	0.12779220779220765	0.43
156	0.0632440476190478	3.6	1.3	0.025974025974025716	0.29999999999999993
236	0.07226562499999993	3.4	0.8	0.0342857142857139	0.3499999999999999
170	0.03802083333333346	2.8	1.7	-0.0723809523809528	0.4299999999999999
174	0.06795634920634908	3.2	2.7	-0.04069264069264093	0.35
220	0.05146882971938774	3.4	0.3	0.3205194805194804	0.49000000000000005
210	0.05555555555555556	3.0	1.5	-0.15238095238095267	0.33999999999999997
228	0.036309523809523785	2.2	1.7	-0.23030303030303037	0.45
162	0.055431547619047644	2.8	1.7	-0.1321212121212123	0.38
222	0.05121527777777795	3.8	0.19999999999999998	0.14285714285714252	0.29999999999999993
172	0.07465277777777767	3.6	2.3	-0.057142857142857516	0.2599999999999999
150	0.054368622448979664	3.4	1.8000000000000003	0.0805194805194803	0.37
194	0.05825892857142856	2.6	0.8	-0.16363636363636372	0.4
224	0.06322633219954639	2.8	0.19999999999999996	0.09575757575757574	0.5
232	0.05017361111111113	3.4	1.3000000000000003	0.11515151515151505	0.39999999999999997
152	0.05195932539682549	3.0	0.5	0.0774025974025971	0.4299999999999999
216	0.02890625000000002	3.2	0.7	-0.0800000000000001	0.31999999999999995
228	0.036309523809523785	2.2	1.7	-0.23030303030303037	0.45
192	0.08221726190476193	3.2	0.19999999999999998	-0.04069264069264093	0.35
220	0.05146882971938774	3.4	0.3	0.3205194805194804	0.49000000000000005
210	0.05555555555555556	3.0	1.5	-0.15238095238095267	0.33999999999999997
220	0.05146882971938774	3.4	0.3	0.3205194805194804	0.49000000000000005
156	0.0632440476190478	3.6	1.3	0.025974025974025716	0.29999999999999993
212	0.11153273809523814	3.0	1.5	0.17264069264069248	0.5199999999999999
166	0.051215277777777936	3.6	0.3	-0.057142857142857516	0.2599999999999999
202	0.06510416666666685	3.8	0.7	0.14285714285714252	0.2999999999999999
250	0.06575520833333331	3.0	2.5	-0.06666666666666683	0.37
172	0.07465277777777767	3.6	2.3	-0.057142857142857516	0.2599999999999999
204	0.08551587301587305	2.8	1.7	-0.058874458874458926	0.42000000000000004
234	0.06229538690476193	3.2	0.19999999999999996	0.12779220779220765	0.43
242	0.08684895833333339	3.4	0.8	0.07324675324675309	0.36
236	0.07226562499999993	3.4	0.8	0.0342857142857139	0.3499999999999999
180	0.0701388888888889	2.6	0.8	-0.1705627705627708	0.41
248	0.06423611111111105	2.8	2.7000000000000006	-0.21523809523809553	0.33999999999999997
194	0.05825892857142856	2.6	0.8	-0.16363636363636372	0.4
184	0.053124999999999915	3.2	3.2	-0.036363636363636466	0.33999999999999997
214	0.03541666666666695	3.0	0.5	-0.10389610389610429	0.35999999999999993
228	0.036309523809523785	2.2	1.7	-0.23030303030303037	0.45
242	0.08684895833333339	3.4	0.8	0.07324675324675309	0.36
240	0.06510416666666662	3.4	0.8	-0.08571428571428616	0.2899999999999999
222	0.05121527777777795	3.8	0.19999999999999998	0.14285714285714252	0.29999999999999993
240	0.06510416666666662	3.4	0.8	-0.08571428571428616	0.2899999999999999
194	0.05825892857142856	2.6	0.8	-0.16363636363636372	0.4
150	0.054368622448979664	3.4	1.8000000000000003	0.0805194805194803	0.37
178	0.04127604166666667	3.4	0.3	0.2351515151515151	0.41999999999999993
176	0.06645408163265304	3.0	0.5	0.14545454545454542	0.4800000000000001
162	0.055431547619047644	2.8	1.7	-0.1321212121212123	0.38
208	0.05295138888888892	3.0	1.0	-0.16190476190476216	0.3299999999999999
160	0.04361979166666671	3.0	2.5	-0.04190476190476211	0.38999999999999996
248	0.06423611111111105	2.8	2.7000000000000006	-0.21523809523809553	0.33999999999999997
176	0.06645408163265304	3.0	0.5	0.14545454545454542	0.4800000000000001
236	0.07226562499999993	3.4	0.8	0.0342857142857139	0.3499999999999999
242	0.08684895833333339	3.4	0.8	0.07324675324675309	0.36
202	0.06510416666666685	3.8	0.7	0.14285714285714252	0.2999999999999999
150	0.054368622448979664	3.4	1.8000000000000003	0.0805194805194803	0.37
244	0.046006944444444545	2.8	1.7	-0.21523809523809553	0.33999999999999997
214	0.03541666666666695	3.0	0.5	-0.10389610389610429	0.35999999999999993
222	0.05121527777777795	3.8	0.19999999999999998	0.14285714285714252	0.29999999999999993
222	0.05121527777777795	3.8	0.19999999999999998	0.14285714285714252	0.29999999999999993
156	0.0632440476190478	3.6	1.3	0.025974025974025716	0.29999999999999993
178	0.04127604166666667	3.4	0.3	0.2351515151515151	0.41999999999999993
152	0.05195932539682549	3.0	0.5	0.0774025974025971	0.4299999999999999
234	0.06229538690476193	3.2	0.19999999999999996	0.12779220779220765	0.43
166	0.051215277777777936	3.6	0.3	-0.057142857142857516	0.2599999999999999
208	0.05295138888888892	3.0	1.0	-0.16190476190476216	0.3299999999999999
188	0.07068452380952368	3.4	2.3	0.10787878787878777	0.37999999999999995
228	0.036309523809523785	2.2	1.7	-0.23030303030303037	0.45
174	0.06795634920634908	3.2	2.7	-0.04069264069264093	0.35
158	0.046006944444444524	3.6	1.3	-0.057142857142857516	0.2599999999999999
246	0.028428819444444454	3.2	1.2	0.07930735930735926	0.41
152	0.05195932539682549	3.0	0.5	0.0774025974025971	0.4299999999999999
224	0.06322633219954639	2.8	0.19999999999999996	0.09575757575757574	0.5
240	0.06510416666666662	3.4	0.8	-0.08571428571428616	0.2899999999999999
236	0.07226562499999993	3.4	0.8	0.0342857142857139	0.3499999999999999
166	0.051215277777777936	3.6	0.3	-0.057142857142857516	0.2599999999999999
156	0.0632440476190478	3.6	1.3	0.025974025974025716	0.29999999999999993
192	0.08221726190476193	3.2	0.19999999999999998	-0.04069264069264093	0.35
194	0.05825892857142856	2.6	0.8	-0.16363636363636372	0.4
234	0.06229538690476193	3.2	0.19999999999999996	0.12779220779220765	0.43
172	0.07465277777777767	3.6	2.3	-0.057142857142857516	0.2599999999999999
236	0.07226562499999993	3.4	0.8	0.0342857142857139	0.3499999999999999
170	0.03802083333333346	2.8	1.7	-0.0723809523809528	0.4299999999999999
210	0.05555555555555556	3.0	1.5	-0.15238095238095267	0.33999999999999997
218	0.06579861111111121	3.0	1.0	-0.11341991341991364	0.35
222	0.05121527777777795	3.8	0.19999999999999998	0.14285714285714252	0.29999999999999993
228	0.036309523809523785	2.2	1.7	-0.23030303030303037	0.45
236	0.07226562499999993	3.4	0.8	0.0342857142857139	0.3499999999999999
204	0.08551587301587305	2.8	1.7	-0.058874458874458926	0.42000000000000004
198	0.059678819444444475	2.4	0.8	-0.17714285714285746	0.43999999999999995
242	0.08684895833333339	3.4	0.8	0.07324675324675309	0.36
166	0.051215277777777936	3.6	0.3	-0.057142857142857516	0.2599999999999999
234	0.06229538690476193	3.2	0.19999999999999996	0.12779220779220765	0.43
178	0.04127604166666667	3.4	0.3	0.2351515151515151	0.41999999999999993
192	0.08221726190476193	3.2	0.19999999999999998	-0.04069264069264093	0.35
178	0.04127604166666667	3.4	0.3	0.2351515151515151	0.41999999999999993
208	0.05295138888888892	3.0	1.0	-0.16190476190476216	0.3299999999999999
178	0.04127604166666667	3.4	0.3	0.2351515151515151	0.41999999999999993
232	0.05017361111111113	3.4	1.3000000000000003	0.11515151515151505	0.39999999999999997
228	0.036309523809523785	2.2	1.7	-0.23030303030303037	0.45
174	0.06795634920634908	3.2	2.7	-0.04069264069264093	0.35
168	0.034279336734693876	3.2	2.7	0.042424242424242295	0.39
174	0.06795634920634908	3.2	2.7	-0.04069264069264093	0.35
234	0.06229538690476193	3.2	0.19999999999999996	0.12779220779220765	0.43
196	0.039333767361111105	3.6	0.3	0.1828571428571426	0.37999999999999995
160	0.04361979166666671	3.0	2.5	-0.04190476190476211	0.38999999999999996
176	0.06645408163265304	3.0	0.5	0.14545454545454542	0.4800000000000001
232	0.05017361111111113	3.4	1.3000000000000003	0.11515151515151505	0.39999999999999997
214	0.03541666666666695	3.0	0.5	-0.10389610389610429	0.35999999999999993
180	0.0701388888888889	2.6	0.8	-0.1705627705627708	0.41
216	0.02890625000000002	3.2	0.7	-0.0800000000000001	0.31999999999999995
156	0.0632440476190478	3.6	1.3	0.025974025974025716	0.29999999999999993
190	0.03692336309523806	3.0	1.0	0.02597402597402578	0.42000000000000004
218	0.06579861111111121	3.0	1.0	-0.11341991341991364	0.35
202	0.06510416666666685	3.8	0.7	0.14285714285714252	0.2999999999999999
174	0.06795634920634908	3.2	2.7	-0.04069264069264093	0.35
240	0.06510416666666662	3.4	0.8	-0.08571428571428616	0.2899999999999999
176	0.06645408163265304	3.0	0.5	0.14545454545454542	0.4800000000000001
200	0.0632440476190478	3.6	1.3000000000000003	0.025974025974025716	0.29999999999999993
244	0.046006944444444545	2.8	1.7	-0.21523809523809553	0.33999999999999997
184	0.053124999999999915	3.2	3.2	-0.036363636363636466	0.33999999999999997
248	0.06423611111111105	2.8	2.7000000000000006	-0.21523809523809553	0.33999999999999997
178	0.04127604166666667	3.4	0.3	0.2351515151515151	0.41999999999999993
220	0.05146882971938774	3.4	0.3	0.3205194805194804	0.49000000000000005
198	0.059678819444444475	2.4	0.8	-0.17714285714285746	0.43999999999999995
190	0.03692336309523806	3.0	1.0	0.02597402597402578	0.42000000000000004
224	0.06322633219954639	2.8	0.19999999999999996	0.09575757575757574	0.5
228	0.036309523809523785	2.2	1.7	-0.23030303030303037	0.45
152	0.05195932539682549	3.0	0.5	0.0774025974025971	0.4299999999999999
210	0.05555555555555556	3.0	1.5	-0.15238095238095267	0.33999999999999997
200	0.0632440476190478	3.6	1.3000000000000003	0.025974025974025716	0.29999999999999993
220	0.05146882971938774	3.4	0.3	0.3205194805194804	0.49000000000000005
214	0.03541666666666695	3.0	0.5	-0.10389610389610429	0.35999999999999993
250	0.06575520833333331	3.0	2.5	-0.06666666666666683	0.37
156	0.0632440476190478	3.6	1.3	0.025974025974025716	0.29999999999999993
190	0.03692336309523806	3.0	1.0	0.02597402597402578	0.42000000000000004
246	0.028428819444444454	3.2	1.2	0.07930735930735926	0.41
208	0.05295138888888892	3.0	1.0	-0.16190476190476216	0.3299999999999999
216	0.02890625000000002	3.2	0.7	-0.0800000000000001	0.31999999999999995
158	0.046006944444444524	3.6	1.3	-0.057142857142857516	0.2599999999999999
234	0.06229538690476193	3.2	0.19999999999999996	0.12779220779220765	0.43
188	0.07068452380952368	3.4	2.3	0.10787878787878777	0.37999999999999995
190	0.03692336309523806	3.0	1.0	0.02597402597402578	0.42000000000000004
180	0.0701388888888889	2.6	0.8	-0.1705627705627708	0.41
198	0.059678819444444475	2.4	0.8	-0.17714285714285746	0.43999999999999995
200	0.0632440476190478	3.6	1.3000000000000003	0.025974025974025716	0.29999999999999993
188	0.07068452380952368	3.4	2.3	0.10787878787878777	0.37999999999999995
198	0.059678819444444475	2.4	0.8	-0.17714285714285746	0.43999999999999995
248	0.06423611111111105	2.8	2.7000000000000006	-0.21523809523809553	0.33999999999999997
194	0.05825892857142856	2.6	0.8	-0.16363636363636372	0.4
234	0.06229538690476193	3.2	0.19999999999999996	0.12779220779220765	0.43
206	0.06406250000000012	3.8	1.7	0.22476190476190458	0.36999999999999994
244	0.046006944444444545	2.8	1.7	-0.21523809523809553	0.33999999999999997
222	0.05121527777777795	3.8	0.19999999999999998	0.14285714285714252	0.29999999999999993
238	0.029712301587301638	3.0	1.0	-0.020779220779221053	0.39999999999999997
202	0.06510416666666685	3.8	0.7	0.14285714285714252	0.2999999999999999
188	0.07068452380952368	3.4	2.3	0.10787878787878777	0.37999999999999995
168	0.034279336734693876	3.2	2.7	0.042424242424242295	0.39
248	0.06423611111111105	2.8	2.7000000000000006	-0.21523809523809553	0.33999999999999997
218	0.06579861111111121	3.0	1.0	-0.11341991341991364	0.35
218	0.06579861111111121	3.0	1.0	-0.11341991341991364	0.35
194	0.05825892857142856	2.6	0.8	-0.16363636363636372	0.4
184	0.053124999999999915	3.2	3.2	-0.036363636363636466	0.33999999999999997
244	0.046006944444444545	2.8	1.7	-0.21523809523809553	0.33999999999999997
222	0.05121527777777795	3.8	0.19999999999999998	0.14285714285714252	0.29999999999999993
234	0.06229538690476193	3.2	0.19999999999999996	0.12779220779220765	0.43
198	0.059678819444444475	2.4	0.8	-0.17714285714285746	0.43999999999999995
170	0.03802083333333346	2.8	1.7	-0.0723809523809528	0.4299999999999999
186	0.03645833333333327	3.8	1.7	0.09142857142857119	0.2899999999999999
170	0.03802083333333346	2.8	1.7	-0.0723809523809528	0.4299999999999999
186	0.03645833333333327	3.8	1.7	0.09142857142857119	0.2899999999999999
216	0.02890625000000002	3.2	0.7	-0.0800000000000001	0.31999999999999995
180	0.0701388888888889	2.6	0.8	-0.1705627705627708	0.41
220	0.05146882971938774	3.4	0.3	0.3205194805194804	0.49000000000000005
222	0.05121527777777795	3.8	0.19999999999999998	0.14285714285714252	0.29999999999999993
152	0.05195932539682549	3.0	0.5	0.0774025974025971	0.4299999999999999
156	0.0632440476190478	3.6	1.3	0.025974025974025716	0.29999999999999993
240	0.06510416666666662	3.4	0.8	-0.08571428571428616	0.2899999999999999
158	0.046006944444444524	3.6	1.3	-0.057142857142857516	0.2599999999999999
156	0.0632440476190478	3.6	1.3	0.025974025974025716	0.29999999999999993
216	0.02890625000000002	3.2	0.7	-0.0800000000000001	0.31999999999999995
182	0.06684027777777786	3.4	0.8	0.02476190476190454	0.33999999999999997
168	0.034279336734693876	3.2	2.7	0.042424242424242295	0.39
234	0.06229538690476193	3.2	0.19999999999999996	0.12779220779220765	0.43
168	0.034279336734693876	3.2	2.7	0.042424242424242295	0.39
190	0.03692336309523806	3.0	1.0	0.02597402597402578	0.42000000000000004
226	0.047619047619047644	3.0	2.5	-0.06926406926406944	0.38
198	0.059678819444444475	2.4	0.8	-0.17714285714285746	0.43999999999999995
188	0.07068452380952368	3.4	2.3	0.10787878787878777	0.37999999999999995
218	0.06579861111111121	3.0	1.0	-0.11341991341991364	0.35
216	0.02890625000000002	3.2	0.7	-0.0800000000000001	0.31999999999999995
150	0.054368622448979664	3.4	1.8000000000000003	0.0805194805194803	0.37
190	0.03692336309523806	3.0	1.0	0.02597402597402578	0.42000000000000004
172	0.07465277777777767	3.6	2.3	-0.057142857142857516	0.2599999999999999
202	0.06510416666666685	3.8	0.7	0.14285714285714252	0.2999999999999999
246	0.028428819444444454	3.2	1.2	0.07930735930735926	0.41
194	0.05825892857142856	2.6	0.8	-0.16363636363636372	0.4
226	0.047619047619047644	3.0	2.5	-0.06926406926406944	0.38
214	0.03541666666666695	3.0	0.5	-0.10389610389610429	0.35999999999999993
178	0.04127604166666667	3.4	0.3	0.2351515151515151	0.41999999999999993
230	0.04079861111111125	3.4	0.8	-0.09523809523809539	0.27999999999999997
150	0.054368622448979664	3.4	1.8000000000000003	0.0805194805194803	0.37
158	0.046006944444444524	3.6	1.3	-0.057142857142857516	0.2599999999999999
194	0.05825892857142856	2.6	0.8	-0.16363636363636372	0.4
220	0.05146882971938774	3.4	0.3	0.3205194805194804	0.49000000000000005
188	0.07068452380952368	3.4	2.3	0.10787878787878777	0.37999999999999995
202	0.06510416666666685	3.8	0.7	0.14285714285714252	0.2999999999999999
176	0.06645408163265304	3.0	0.5	0.14545454545454542	0.4800000000000001
200	0.0632440476190478	3.6	1.3000000000000003	0.025974025974025716	0.29999999999999993
184	0.053124999999999915	3.2	3.2	-0.036363636363636466	0.33999999999999997
250	0.06575520833333331	3.0	2.5	-0.06666666666666683	0.37
198	0.059678819444444475	2.4	0.8	-0.17714285714285746	0.43999999999999995
184	0.053124999999999915	3.2	3.2	-0.036363636363636466	0.33999999999999997
238	0.029712301587301638	3.0	1.0	-0.020779220779221053	0.39999999999999997
216	0.02890625000000002	3.2	0.7	-0.0800000000000001	0.31999999999999995
214	0.03541666666666695	3.0	0.5	-0.10389610389610429	0.35999999999999993
204	0.08551587301587305	2.8	1.7	-0.058874458874458926	0.42000000000000004
172	0.07465277777777767	3.6	2.3	-0.057142857142857516	0.2599999999999999
224	0.06322633219954639	2.8	0.19999999999999996	0.09575757575757574	0.5
224	0.06322633219954639	2.8	0.19999999999999996	0.09575757575757574	0.5
192	0.08221726190476193	3.2	0.19999999999999998	-0.04069264069264093	0.35
210	0.05555555555555556	3.0	1.5	-0.15238095238095267	0.33999999999999997
190	0.03692336309523806	3.0	1.0	0.02597402597402578	0.42000000000000004
200	0.0632440476190478	3.6	1.3000000000000003	0.025974025974025716	0.29999999999999993
220	0.05146882971938774	3.4	0.3	0.3205194805194804	0.49000000000000005
210	0.05555555555555556	3.0	1.5	-0.15238095238095267	0.33999999999999997
154	0.05525793650793645	2.4	1.3	-0.23116883116883152	0.41999999999999993
234	0.06229538690476193	3.2	0.19999999999999996	0.12779220779220765	0.43
224	0.06322633219954639	2.8	0.19999999999999996	0.09575757575757574	0.5
214	0.03541666666666695	3.0	0.5	-0.10389610389610429	0.35999999999999993
170	0.03802083333333346	2.8	1.7	-0.0723809523809528	0.4299999999999999
242	0.08684895833333339	3.4	0.8	0.07324675324675309	0.36
230	0.04079861111111125	3.4	0.8	-0.09523809523809539	0.27999999999999997
224	0.06322633219954639	2.8	0.19999999999999996	0.09575757575757574	0.5
222	0.05121527777777795	3.8	0.19999999999999998	0.14285714285714252	0.29999999999999993
178	0.04127604166666667	3.4	0.3	0.2351515151515151	0.41999999999999993
216	0.02890625000000002	3.2	0.7	-0.0800000000000001	0.31999999999999995
154	0.05525793650793645	2.4	1.3	-0.23116883116883152	0.41999999999999993
166	0.051215277777777936	3.6	0.3	-0.057142857142857516	0.2599999999999999
154	0.05525793650793645	2.4	1.3	-0.23116883116883152	0.41999999999999993
174	0.06795634920634908	3.2	2.7	-0.04069264069264093	0.35
244	0.046006944444444545	2.8	1.7	-0.21523809523809553	0.33999999999999997
230	0.04079861111111125	3.4	0.8	-0.09523809523809539	0.27999999999999997
188	0.07068452380952368	3.4	2.3	0.10787878787878777	0.37999999999999995
240	0.06510416666666662	3.4	0.8	-0.08571428571428616	0.2899999999999999
226	0.047619047619047644	3.0	2.5	-0.06926406926406944	0.38
248	0.06423611111111105	2.8	2.7000000000000006	-0.21523809523809553	0.33999999999999997
152	0.05195932539682549	3.0	0.5	0.0774025974025971	0.4299999999999999
250	0.06575520833333331	3.0	2.5	-0.06666666666666683	0.37
196	0.039333767361111105	3.6	0.3	0.1828571428571426	0.37999999999999995
170	0.03802083333333346	2.8	1.7	-0.0723809523809528	0.4299999999999999
188	0.07068452380952368	3.4	2.3	0.10787878787878777	0.37999999999999995
172	0.07465277777777767	3.6	2.3	-0.057142857142857516	0.2599999999999999
196	0.039333767361111105	3.6	0.3	0.1828571428571426	0.37999999999999995
198	0.059678819444444475	2.4	0.8	-0.17714285714285746	0.43999999999999995
246	0.028428819444444454	3.2	1.2	0.07930735930735926	0.41
174	0.06795634920634908	3.2	2.7	-0.04069264069264093	0.35
212	0.11153273809523814	3.0	1.5	0.17264069264069248	0.5199999999999999
152	0.05195932539682549	3.0	0.5	0.0774025974025971	0.4299999999999999
206	0.06406250000000012	3.8	1.7	0.22476190476190458	0.36999999999999994
238	0.029712301587301638	3.0	1.0	-0.020779220779221053	0.39999999999999997
156	0.0632440476190478	3.6	1.3	0.025974025974025716	0.29999999999999993
242	0.08684895833333339	3.4	0.8	0.07324675324675309	0.36
188	0.07068452380952368	3.4	2.3	0.10787878787878777	0.37999999999999995
180	0.0701388888888889	2.6	0.8	-0.1705627705627708	0.41
150	0.054368622448979664	3.4	1.8000000000000003	0.0805194805194803	0.37
172	0.07465277777777767	3.6	2.3	-0.057142857142857516	0.2599999999999999
188	0.07068452380952368	3.4	2.3	0.10787878787878777	0.37999999999999995
236	0.07226562499999993	3.4	0.8	0.0342857142857139	0.3499999999999999
190	0.03692336309523806	3.0	1.0	0.02597402597402578	0.42000000000000004
160	0.04361979166666671	3.0	2.5	-0.04190476190476211	0.38999999999999996
226	0.047619047619047644	3.0	2.5	-0.06926406926406944	0.38
220	0.05146882971938774	3.4	0.3	0.3205194805194804	0.49000000000000005
198	0.059678819444444475	2.4	0.8	-0.17714285714285746	0.43999999999999995
150	0.054368622448979664	3.4	1.8000000000000003	0.0805194805194803	0.37
154	0.05525793650793645	2.4	1.3	-0.23116883116883152	0.41999999999999993
170	0.03802083333333346	2.8	1.7	-0.0723809523809528	0.4299999999999999
248	0.06423611111111105	2.8	2.7000000000000006	-0.21523809523809553	0.33999999999999997
224	0.06322633219954639	2.8	0.19999999999999996	0.09575757575757574	0.5
232	0.05017361111111113	3.4	1.3000000000000003	0.11515151515151505	0.39999999999999997
230	0.04079861111111125	3.4	0.8	-0.09523809523809539	0.27999999999999997
226	0.047619047619047644	3.0	2.5	-0.06926406926406944	0.38
194	0.05825892857142856	2.6	0.8	-0.16363636363636372	0.4
244	0.046006944444444545	2.8	1.7	-0.21523809523809553	0.33999999999999997
242	0.08684895833333339	3.4	0.8	0.07324675324675309	0.36
224	0.06322633219954639	2.8	0.19999999999999996	0.09575757575757574	0.5
180	0.0701388888888889	2.6	0.8	-0.1705627705627708	0.41
188	0.07068452380952368	3.4	2.3	0.10787878787878777	0.37999999999999995
168	0.034279336734693876	3.2	2.7	0.042424242424242295	0.39
226	0.047619047619047644	3.0	2.5	-0.06926406926406944	0.38
246	0.028428819444444454	3.2	1.2	0.07930735930735926	0.41
210	0.05555555555555556	3.0	1.5	-0.15238095238095267	0.33999999999999997
242	0.08684895833333339	3.4	0.8	0.07324675324675309	0.36
228	0.036309523809523785	2.2	1.7	-0.23030303030303037	0.45
220	0.05146882971938774	3.4	0.3	0.3205194805194804	0.49000000000000005
182	0.06684027777777786	3.4	0.8	0.02476190476190454	0.33999999999999997
166	0.051215277777777936	3.6	0.3	-0.057142857142857516	0.2599999999999999
224	0.06322633219954639	2.8	0.19999999999999996	0.09575757575757574	0.5
246	0.028428819444444454	3.2	1.2	0.07930735930735926	0.41
196	0.039333767361111105	3.6	0.3	0.1828571428571426	0.37999999999999995
248	0.06423611111111105	2.8	2.7000000000000006	-0.21523809523809553	0.33999999999999997
174	0.06795634920634908	3.2	2.7	-0.04069264069264093	0.35
154	0.05525793650793645	2.4	1.3	-0.23116883116883152	0.41999999999999993
220	0.05146882971938774	3.4	0.3	0.3205194805194804	0.49000000000000005
174	0.06795634920634908	3.2	2.7	-0.04069264069264093	0.35
202	0.06510416666666685	3.8	0.7	0.14285714285714252	0.2999999999999999
230	0.04079861111111125	3.4	0.8	-0.09523809523809539	0.27999999999999997
176	0.06645408163265304	3.0	0.5	0.14545454545454542	0.4800000000000001
230	0.04079861111111125	3.4	0.8	-0.09523809523809539	0.27999999999999997
246	0.028428819444444454	3.2	1.2	0.07930735930735926	0.41
178	0.04127604166666667	3.4	0.3	0.2351515151515151	0.41999999999999993
224	0.06322633219954639	2.8	0.19999999999999996	0.09575757575757574	0.5
156	0.0632440476190478	3.6	1.3	0.025974025974025716	0.29999999999999993
164	0.03515625000000009	3.8	0.7	0.09142857142857122	0.29
220	0.05146882971938774	3.4	0.3	0.3205194805194804	0.49000000000000005
238	0.029712301587301638	3.0	1.0	-0.020779220779221053	0.39999999999999997
204	0.08551587301587305	2.8	1.7	-0.058874458874458926	0.42000000000000004
230	0.04079861111111125	3.4	0.8	-0.09523809523809539	0.27999999999999997
242	0.08684895833333339	3.4	0.8	0.07324675324675309	0.36
172	0.07465277777777767	3.6	2.3	-0.057142857142857516	0.2599999999999999
210	0.05555555555555556	3.0	1.5	-0.15238095238095267	0.33999999999999997
212	0.11153273809523814	3.0	1.5	0.17264069264069248	0.5199999999999999
190	0.03692336309523806	3.0	1.0	0.02597402597402578	0.42000000000000004
204	0.08551587301587305	2.8	1.7	-0.058874458874458926	0.42000000000000004
228	0.036309523809523785	2.2	1.7	-0.23030303030303037	0.45
232	0.05017361111111113	3.4	1.3000000000000003	0.11515151515151505	0.39999999999999997
218	0.06579861111111121	3.0	1.0	-0.11341991341991364	0.35
216	0.02890625000000002	3.2	0.7	-0.0800000000000001	0.31999999999999995
178	0.04127604166666667	3.4	0.3	0.2351515151515151	0.41999999999999993
160	0.04361979166666671	3.0	2.5	-0.04190476190476211	0.38999999999999996
178	0.04127604166666667	3.4	0.3	0.2351515151515151	0.41999999999999993
160	0.04361979166666671	3.0	2.5	-0.04190476190476211	0.38999999999999996
200	0.0632440476190478	3.6	1.3000000000000003	0.025974025974025716	0.29999999999999993
166	0.051215277777777936	3.6	0.3	-0.057142857142857516	0.2599999999999999
214	0.03541666666666695	3.0	0.5	-0.10389610389610429	0.35999999999999993
224	0.06322633219954639	2.8	0.19999999999999996	0.09575757575757574	0.5
222	0.05121527777777795	3.8	0.19999999999999998	0.14285714285714252	0.29999999999999993
204	0.08551587301587305	2.8	1.7	-0.058874458874458926	0.42000000000000004
152	0.05195932539682549	3.0	0.5	0.0774025974025971	0.4299999999999999
152	0.05195932539682549	3.0	0.5	0.0774025974025971	0.4299999999999999
166	0.051215277777777936	3.6	0.3	-0.057142857142857516	0.2599999999999999
172	0.07465277777777767	3.6	2.3	-0.057142857142857516	0.2599999999999999
226	0.047619047619047644	3.0	2.5	-0.06926406926406944	0.38
196	0.039333767361111105	3.6	0.3	0.1828571428571426	0.37999999999999995
212	0.11153273809523814	3.0	1.5	0.17264069264069248	0.5199999999999999
182	0.06684027777777786	3.4	0.8	0.02476190476190454	0.33999999999999997
226	0.047619047619047644	3.0	2.5	-0.06926406926406944	0.38
218	0.06579861111111121	3.0	1.0	-0.11341991341991364	0.35
202	0.06510416666666685	3.8	0.7	0.14285714285714252	0.2999999999999999
182	0.06684027777777786	3.4	0.8	0.02476190476190454	0.33999999999999997
156	0.0632440476190478	3.6	1.3	0.025974025974025716	0.29999999999999993
186	0.03645833333333327	3.8	1.7	0.09142857142857119	0.2899999999999999
200	0.0632440476190478	3.6	1.3000000000000003	0.025974025974025716	0.29999999999999993
204	0.08551587301587305	2.8	1.7	-0.058874458874458926	0.42000000000000004
188	0.07068452380952368	3.4	2.3	0.10787878787878777	0.37999999999999995
190	0.03692336309523806	3.0	1.0	0.02597402597402578	0.42000000000000004
196	0.039333767361111105	3.6	0.3	0.1828571428571426	0.37999999999999995
222	0.05121527777777795	3.8	0.19999999999999998	0.14285714285714252	0.29999999999999993
216	0.02890625000000002	3.2	0.7	-0.0800000000000001	0.31999999999999995
232	0.05017361111111113	3.4	1.3000000000000003	0.11515151515151505	0.39999999999999997
194	0.05825892857142856	2.6	0.8	-0.16363636363636372	0.4
240	0.06510416666666662	3.4	0.8	-0.08571428571428616	0.2899999999999999
198	0.059678819444444475	2.4	0.8	-0.17714285714285746	0.43999999999999995
212	0.11153273809523814	3.0	1.5	0.17264069264069248	0.5199999999999999
172	0.07465277777777767	3.6	2.3	-0.057142857142857516	0.2599999999999999
152	0.05195932539682549	3.0	0.5	0.0774025974025971	0.4299999999999999
172	0.07465277777777767	3.6	2.3	-0.057142857142857516	0.2599999999999999
194	0.05825892857142856	2.6	0.8	-0.16363636363636372	0.4
174	0.06795634920634908	3.2	2.7	-0.04069264069264093	0.35
180	0.0701388888888889	2.6	0.8	-0.1705627705627708	0.41
158	0.046006944444444524	3.6	1.3	-0.057142857142857516	0.2599999999999999
200	0.0632440476190478	3.6	1.3000000000000003	0.025974025974025716	0.29999999999999993
162	0.055431547619047644	2.8	1.7	-0.1321212121212123	0.38
152	0.05195932539682549	3.0	0.5	0.0774025974025971	0.4299999999999999
154	0.05525793650793645	2.4	1.3	-0.23116883116883152	0.41999999999999993
230	0.04079861111111125	3.4	0.8	-0.09523809523809539	0.27999999999999997
182	0.06684027777777786	3.4	0.8	0.02476190476190454	0.33999999999999997
236	0.07226562499999993	3.4	0.8	0.0342857142857139	0.3499999999999999
218	0.06579861111111121	3.0	1.0	-0.11341991341991364	0.35
152	0.05195932539682549	3.0	0.5	0.0774025974025971	0.4299999999999999
212	0.11153273809523814	3.0	1.5	0.17264069264069248	0.5199999999999999
176	0.06645408163265304	3.0	0.5	0.14545454545454542	0.4800000000000001
164	0.03515625000000009	3.8	0.7	0.09142857142857122	0.29
162	0.055431547619047644	2.8	1.7	-0.1321212121212123	0.38
220	0.05146882971938774	3.4	0.3	0.3205194805194804	0.49000000000000005
232	0.05017361111111113	3.4	1.3000000000000003	0.11515151515151505	0.39999999999999997
234	0.06229538690476193	3.2	0.19999999999999996	0.12779220779220765	0.43
240	0.06510416666666662	3.4	0.8	-0.08571428571428616	0.2899999999999999
224	0.06322633219954639	2.8	0.19999999999999996	0.09575757575757574	0.5
228	0.036309523809523785	2.2	1.7	-0.23030303030303037	0.45
208	0.05295138888888892	3.0	1.0	-0.16190476190476216	0.3299999999999999
250	0.06575520833333331	3.0	2.5	-0.06666666666666683	0.37
218	0.06579861111111121	3.0	1.0	-0.11341991341991364	0.35
160	0.04361979166666671	3.0	2.5	-0.04190476190476211	0.38999999999999996
246	0.028428819444444454	3.2	1.2	0.07930735930735926	0.41
150	0.054368622448979664	3.4	1.8000000000000003	0.0805194805194803	0.37
246	0.028428819444444454	3.2	1.2	0.07930735930735926	0.41
212	0.11153273809523814	3.0	1.5	0.17264069264069248	0.5199999999999999
150	0.054368622448979664	3.4	1.8000000000000003	0.0805194805194803	0.37
186	0.03645833333333327	3.8	1.7	0.09142857142857119	0.2899999999999999
238	0.029712301587301638	3.0	1.0	-0.020779220779221053	0.39999999999999997
184	0.053124999999999915	3.2	3.2	-0.036363636363636466	0.33999999999999997
152	0.05195932539682549	3.0	0.5	0.0774025974025971	0.4299999999999999
194	0.05825892857142856	2.6	0.8	-0.16363636363636372	0.4
182	0.06684027777777786	3.4	0.8	0.02476190476190454	0.33999999999999997
242	0.08684895833333339	3.4	0.8	0.07324675324675309	0.36
168	0.034279336734693876	3.2	2.7	0.042424242424242295	0.39
192	0.08221726190476193	3.2	0.19999999999999998	-0.04069264069264093	0.35
164	0.03515625000000009	3.8	0.7	0.09142857142857122	0.29
242	0.08684895833333339	3.4	0.8	0.07324675324675309	0.36
242	0.08684895833333339	3.4	0.8	0.07324675324675309	0.36
248	0.06423611111111105	2.8	2.7000000000000006	-0.21523809523809553	0.33999999999999997
218	0.06579861111111121	3.0	1.0	-0.11341991341991364	0.35
218	0.06579861111111121	3.0	1.0	-0.11341991341991364	0.35
154	0.05525793650793645	2.4	1.3	-0.23116883116883152	0.41999999999999993
198	0.059678819444444475	2.4	0.8	-0.17714285714285746	0.43999999999999995
220	0.05146882971938774	3.4	0.3	0.3205194805194804	0.49000000000000005
202	0.06510416666666685	3.8	0.7	0.14285714285714252	0.2999999999999999
160	0.04361979166666671	3.0	2.5	-0.04190476190476211	0.38999999999999996
164	0.03515625000000009	3.8	0.7	0.09142857142857122	0.29
230	0.04079861111111125	3.4	0.8	-0.09523809523809539	0.27999999999999997
236	0.07226562499999993	3.4	0.8	0.0342857142857139	0.3499999999999999
228	0.036309523809523785	2.2	1.7	-0.23030303030303037	0.45
156	0.0632440476190478	3.6	1.3	0.025974025974025716	0.29999999999999993
226	0.047619047619047644	3.0	2.5	-0.06926406926406944	0.38
172	0.07465277777777767	3.6	2.3	-0.057142857142857516	0.2599999999999999
234	0.06229538690476193	3.2	0.19999999999999996	0.12779220779220765	0.43
194	0.05825892857142856	2.6	0.8	-0.16363636363636372	0.4
248	0.06423611111111105	2.8	2.7000000000000006	-0.21523809523809553	0.33999999999999997
186	0.03645833333333327	3.8	1.7	0.09142857142857119	0.2899999999999999
206	0.06406250000000012	3.8	1.7	0.22476190476190458	0.36999999999999994
160	0.04361979166666671	3.0	2.5	-0.04190476190476211	0.38999999999999996
236	0.07226562499999993	3.4	0.8	0.0342857142857139	0.3499999999999999
190	0.03692336309523806	3.0	1.0	0.02597402597402578	0.42000000000000004
184	0.053124999999999915	3.2	3.2	-0.036363636363636466	0.33999999999999997
184	0.053124999999999915	3.2	3.2	-0.036363636363636466	0.33999999999999997
218	0.06579861111111121	3.0	1.0	-0.11341991341991364	0.35
202	0.06510416666666685	3.8	0.7	0.14285714285714252	0.2999999999999999
188	0.07068452380952368	3.4	2.3	0.10787878787878777	0.37999999999999995
186	0.03645833333333327	3.8	1.7	0.09142857142857119	0.2899999999999999
176	0.06645408163265304	3.0	0.5	0.14545454545454542	0.4800000000000001
190	0.03692336309523806	3.0	1.0	0.02597402597402578	0.42000000000000004
202	0.06510416666666685	3.8	0.7	0.14285714285714252	0.2999999999999999
158	0.046006944444444524	3.6	1.3	-0.057142857142857516	0.2599999999999999
154	0.05525793650793645	2.4	1.3	-0.23116883116883152	0.41999999999999993
188	0.07068452380952368	3.4	2.3	0.10787878787878777	0.37999999999999995
216	0.02890625000000002	3.2	0.7	-0.0800000000000001	0.31999999999999995
210	0.05555555555555556	3.0	1.5	-0.15238095238095267	0.33999999999999997
224	0.06322633219954639	2.8	0.19999999999999996	0.09575757575757574	0.5
228	0.036309523809523785	2.2	1.7	-0.23030303030303037	0.45
206	0.06406250000000012	3.8	1.7	0.22476190476190458	0.36999999999999994
152	0.05195932539682549	3.0	0.5	0.0774025974025971	0.4299999999999999
208	0.05295138888888892	3.0	1.0	-0.16190476190476216	0.3299999999999999
208	0.05295138888888892	3.0	1.0	-0.16190476190476216	0.3299999999999999
230	0.04079861111111125	3.4	0.8	-0.09523809523809539	0.27999999999999997
156	0.0632440476190478	3.6	1.3	0.025974025974025716	0.29999999999999993
168	0.034279336734693876	3.2	2.7	0.042424242424242295	0.39
196	0.039333767361111105	3.6	0.3	0.1828571428571426	0.37999999999999995
160	0.04361979166666671	3.0	2.5	-0.04190476190476211	0.38999999999999996
218	0.06579861111111121	3.0	1.0	-0.11341991341991364	0.35
152	0.05195932539682549	3.0	0.5	0.0774025974025971	0.4299999999999999
242	0.08684895833333339	3.4	0.8	0.07324675324675309	0.36
222	0.05121527777777795	3.8	0.19999999999999998	0.14285714285714252	0.29999999999999993
164	0.03515625000000009	3.8	0.7	0.09142857142857122	0.29
198	0.059678819444444475	2.4	0.8	-0.17714285714285746	0.43999999999999995
200	0.0632440476190478	3.6	1.3000000000000003	0.025974025974025716	0.29999999999999993
234	0.06229538690476193	3.2	0.19999999999999996	0.12779220779220765	0.43
186	0.03645833333333327	3.8	1.7	0.09142857142857119	0.2899999999999999
166	0.051215277777777936	3.6	0.3	-0.057142857142857516	0.2599999999999999
230	0.04079861111111125	3.4	0.8	-0.09523809523809539	0.27999999999999997
210	0.05555555555555556	3.0	1.5	-0.15238095238095267	0.33999999999999997
194	0.05825892857142856	2.6	0.8	-0.16363636363636372	0.4
194	0.05825892857142856	2.6	0.8	-0.16363636363636372	0.4
174	0.06795634920634908	3.2	2.7	-0.04069264069264093	0.35
166	0.051215277777777936	3.6	0.3	-0.057142857142857516	0.2599999999999999
206	0.06406250000000012	3.8	1.7	0.22476190476190458	0.36999999999999994
194	0.05825892857142856	2.6	0.8	-0.16363636363636372	0.4
228	0.036309523809523785	2.2	1.7	-0.23030303030303037	0.45
234	0.06229538690476193	3.2	0.19999999999999996	0.12779220779220765	0.43
232	0.05017361111111113	3.4	1.3000000000000003	0.11515151515151505	0.39999999999999997
154	0.05525793650793645	2.4	1.3	-0.23116883116883152	0.41999999999999993
156	0.0632440476190478	3.6	1.3	0.025974025974025716	0.29999999999999993
178	0.04127604166666667	3.4	0.3	0.2351515151515151	0.41999999999999993
216	0.02890625000000002	3.2	0.7	-0.0800000000000001	0.31999999999999995
160	0.04361979166666671	3.0	2.5	-0.04190476190476211	0.38999999999999996
202	0.06510416666666685	3.8	0.7	0.14285714285714252	0.2999999999999999
202	0.06510416666666685	3.8	0.7	0.14285714285714252	0.2999999999999999
198	0.059678819444444475	2.4	0.8	-0.17714285714285746	0.43999999999999995
192	0.08221726190476193	3.2	0.19999999999999998	-0.04069264069264093	0.35
242	0.08684895833333339	3.4	0.8	0.07324675324675309	0.36
224	0.06322633219954639	2.8	0.19999999999999996	0.09575757575757574	0.5
220	0.05146882971938774	3.4	0.3	0.3205194805194804	0.49000000000000005
192	0.08221726190476193	3.2	0.19999999999999998	-0.04069264069264093	0.35
172	0.07465277777777767	3.6	2.3	-0.057142857142857516	0.2599999999999999
200	0.0632440476190478	3.6	1.3000000000000003	0.025974025974025716	0.29999999999999993
172	0.07465277777777767	3.6	2.3	-0.057142857142857516	0.2599999999999999
242	0.08684895833333339	3.4	0.8	0.07324675324675309	0.36
176	0.06645408163265304	3.0	0.5	0.14545454545454542	0.4800000000000001
228	0.036309523809523785	2.2	1.7	-0.23030303030303037	0.45
168	0.034279336734693876	3.2	2.7	0.042424242424242295	0.39
218	0.06579861111111121	3.0	1.0	-0.11341991341991364	0.35
218	0.06579861111111121	3.0	1.0	-0.11341991341991364	0.35
150	0.054368622448979664	3.4	1.8000000000000003	0.0805194805194803	0.37
186	0.03645833333333327	3.8	1.7	0.09142857142857119	0.2899999999999999
166	0.051215277777777936	3.6	0.3	-0.057142857142857516	0.2599999999999999
218	0.06579861111111121	3.0	1.0	-0.11341991341991364	0.35
178	0.04127604166666667	3.4	0.3	0.2351515151515151	0.41999999999999993
158	0.046006944444444524	3.6	1.3	-0.057142857142857516	0.2599999999999999
150	0.054368622448979664	3.4	1.8000000000000003	0.0805194805194803	0.37
246	0.028428819444444454	3.2	1.2	0.07930735930735926	0.41
240	0.06510416666666662	3.4	0.8	-0.08571428571428616	0.2899999999999999
184	0.053124999999999915	3.2	3.2	-0.036363636363636466	0.33999999999999997
180	0.0701388888888889	2.6	0.8	-0.1705627705627708	0.41
240	0.06510416666666662	3.4	0.8	-0.08571428571428616	0.2899999999999999
226	0.047619047619047644	3.0	2.5	-0.06926406926406944	0.38
190	0.03692336309523806	3.0	1.0	0.02597402597402578	0.42000000000000004
188	0.07068452380952368	3.4	2.3	0.10787878787878777	0.37999999999999995
152	0.05195932539682549	3.0	0.5	0.0774025974025971	0.4299999999999999
164	0.03515625000000009	3.8	0.7	0.09142857142857122	0.29
160	0.04361979166666671	3.0	2.5	-0.04190476190476211	0.38999999999999996
230	0.04079861111111125	3.4	0.8	-0.09523809523809539	0.27999999999999997
170	0.03802083333333346	2.8	1.7	-0.0723809523809528	0.4299999999999999
186	0.03645833333333327	3.8	1.7	0.09142857142857119	0.2899999999999999
198	0.059678819444444475	2.4	0.8	-0.17714285714285746	0.43999999999999995
224	0.06322633219954639	2.8	0.19999999999999996	0.09575757575757574	0.5
182	0.06684027777777786	3.4	0.8	0.02476190476190454	0.33999999999999997
184	0.053124999999999915	3.2	3.2	-0.036363636363636466	0.33999999999999997
204	0.08551587301587305	2.8	1.7	-0.058874458874458926	0.42000000000000004
178	0.04127604166666667	3.4	0.3	0.2351515151515151	0.41999999999999993
168	0.034279336734693876	3.2	2.7	0.042424242424242295	0.39
194	0.05825892857142856	2.6	0.8	-0.16363636363636372	0.4
232	0.05017361111111113	3.4	1.3000000000000003	0.11515151515151505	0.39999999999999997
170	0.03802083333333346	2.8	1.7	-0.0723809523809528	0.4299999999999999
156	0.0632440476190478	3.6	1.3	0.025974025974025716	0.29999999999999993
156	0.0632440476190478	3.6	1.3	0.025974025974025716	0.29999999999999993
244	0.046006944444444545	2.8	1.7	-0.21523809523809553	0.33999999999999997
210	0.05555555555555556	3.0	1.5	-0.15238095238095267	0.33999999999999997
182	0.06684027777777786	3.4	0.8	0.02476190476190454	0.33999999999999997
228	0.036309523809523785	2.2	1.7	-0.23030303030303037	0.45
154	0.05525793650793645	2.4	1.3	-0.23116883116883152	0.41999999999999993
156	0.0632440476190478	3.6	1.3	0.025974025974025716	0.29999999999999993
236	0.07226562499999993	3.4	0.8	0.0342857142857139	0.3499999999999999
196	0.039333767361111105	3.6	0.3	0.1828571428571426	0.37999999999999995
168	0.034279336734693876	3.2	2.7	0.042424242424242295	0.39
156	0.0632440476190478	3.6	1.3	0.025974025974025716	0.29999999999999993
228	0.036309523809523785	2.2	1.7	-0.23030303030303037	0.45
200	0.0632440476190478	3.6	1.3000000000000003	0.025974025974025716	0.29999999999999993
202	0.06510416666666685	3.8	0.7	0.14285714285714252	0.2999999999999999
228	0.036309523809523785	2.2	1.7	-0.23030303030303037	0.45
192	0.08221726190476193	3.2	0.19999999999999998	-0.04069264069264093	0.35
222	0.05121527777777795	3.8	0.19999999999999998	0.14285714285714252	0.29999999999999993
170	0.03802083333333346	2.8	1.7	-0.0723809523809528	0.4299999999999999
230	0.04079861111111125	3.4	0.8	-0.09523809523809539	0.27999999999999997
170	0.03802083333333346	2.8	1.7	-0.0723809523809528	0.4299999999999999
182	0.06684027777777786	3.4	0.8	0.02476190476190454	0.33999999999999997
198	0.059678819444444475	2.4	0.8	-0.17714285714285746	0.43999999999999995
242	0.08684895833333339	3.4	0.8	0.07324675324675309	0.36
240	0.06510416666666662	3.4	0.8	-0.08571428571428616	0.2899999999999999
194	0.05825892857142856	2.6	0.8	-0.16363636363636372	0.4
238	0.029712301587301638	3.0	1.0	-0.020779220779221053	0.39999999999999997
162	0.055431547619047644	2.8	1.7	-0.1321212121212123	0.38
240	0.06510416666666662	3.4	0.8	-0.08571428571428616	0.2899999999999999
170	0.03802083333333346	2.8	1.7	-0.0723809523809528	0.4299999999999999
174	0.06795634920634908	3.2	2.7	-0.04069264069264093	0.35
230	0.04079861111111125	3.4	0.8	-0.09523809523809539	0.27999999999999997
198	0.059678819444444475	2.4	0.8	-0.17714285714285746	0.43999999999999995
172	0.07465277777777767	3.6	2.3	-0.057142857142857516	0.2599999999999999
242	0.08684895833333339	3.4	0.8	0.07324675324675309	0.36
150	0.054368622448979664	3.4	1.8000000000000003	0.0805194805194803	0.37
228	0.036309523809523785	2.2	1.7	-0.23030303030303037	0.45
178	0.04127604166666667	3.4	0.3	0.2351515151515151	0.41999999999999993
172	0.07465277777777767	3.6	2.3	-0.057142857142857516	0.2599999999999999
176	0.06645408163265304	3.0	0.5	0.14545454545454542	0.4800000000000001
244	0.046006944444444545	2.8	1.7	-0.21523809523809553	0.33999999999999997
154	0.05525793650793645	2.4	1.3	-0.23116883116883152	0.41999999999999993
194	0.05825892857142856	2.6	0.8	-0.16363636363636372	0.4
218	0.06579861111111121	3.0	1.0	-0.11341991341991364	0.35
166	0.051215277777777936	3.6	0.3	-0.057142857142857516	0.2599999999999999
234	0.06229538690476193	3.2	0.19999999999999996	0.12779220779220765	0.43
198	0.059678819444444475	2.4	0.8	-0.17714285714285746	0.43999999999999995
222	0.05121527777777795	3.8	0.19999999999999998	0.14285714285714252	0.29999999999999993
218	0.06579861111111121	3.0	1.0	-0.11341991341991364	0.35
230	0.04079861111111125	3.4	0.8	-0.09523809523809539	0.27999999999999997
216	0.02890625000000002	3.2	0.7	-0.0800000000000001	0.31999999999999995
174	0.06795634920634908	3.2	2.7	-0.04069264069264093	0.35
170	0.03802083333333346	2.8	1.7	-0.0723809523809528	0.4299999999999999
216	0.02890625000000002	3.2	0.7	-0.0800000000000001	0.31999999999999995
226	0.047619047619047644	3.0	2.5	-0.06926406926406944	0.38
238	0.029712301587301638	3.0	1.0	-0.020779220779221053	0.39999999999999997
164	0.03515625000000009	3.8	0.7	0.09142857142857122	0.29
208	0.05295138888888892	3.0	1.0	-0.16190476190476216	0.3299999999999999
206	0.06406250000000012	3.8	1.7	0.22476190476190458	0.36999999999999994
176	0.06645408163265304	3.0	0.5	0.14545454545454542	0.4800000000000001
184	0.053124999999999915	3.2	3.2	-0.036363636363636466	0.33999999999999997
160	0.04361979166666671	3.0	2.5	-0.04190476190476211	0.38999999999999996
160	0.04361979166666671	3.0	2.5	-0.04190476190476211	0.38999999999999996
196	0.039333767361111105	3.6	0.3	0.1828571428571426	0.37999999999999995
158	0.046006944444444524	3.6	1.3	-0.057142857142857516	0.2599999999999999
242	0.08684895833333339	3.4	0.8	0.07324675324675309	0.36
196	0.039333767361111105	3.6	0.3	0.1828571428571426	0.37999999999999995
168	0.034279336734693876	3.2	2.7	0.042424242424242295	0.39
196	0.039333767361111105	3.6	0.3	0.1828571428571426	0.37999999999999995
204	0.08551587301587305	2.8	1.7	-0.058874458874458926	0.42000000000000004
160	0.04361979166666671	3.0	2.5	-0.04190476190476211	0.38999999999999996
238	0.029712301587301638	3.0	1.0	-0.020779220779221053	0.39999999999999997
196	0.039333767361111105	3.6	0.3	0.1828571428571426	0.37999999999999995
154	0.05525793650793645	2.4	1.3	-0.23116883116883152	0.41999999999999993
166	0.051215277777777936	3.6	0.3	-0.057142857142857516	0.2599999999999999
194	0.05825892857142856	2.6	0.8	-0.16363636363636372	0.4
246	0.028428819444444454	3.2	1.2	0.07930735930735926	0.41
188	0.07068452380952368	3.4	2.3	0.10787878787878777	0.37999999999999995
196	0.039333767361111105	3.6	0.3	0.1828571428571426	0.37999999999999995
166	0.051215277777777936	3.6	0.3	-0.057142857142857516	0.2599999999999999
166	0.051215277777777936	3.6	0.3	-0.057142857142857516	0.2599999999999999
194	0.05825892857142856	2.6	0.8	-0.16363636363636372	0.4
248	0.06423611111111105	2.8	2.7000000000000006	-0.21523809523809553	0.33999999999999997
166	0.051215277777777936	3.6	0.3	-0.057142857142857516	0.2599999999999999
230	0.04079861111111125	3.4	0.8	-0.09523809523809539	0.27999999999999997
200	0.0632440476190478	3.6	1.3000000000000003	0.025974025974025716	0.29999999999999993
162	0.055431547619047644	2.8	1.7	-0.1321212121212123	0.38
180	0.0701388888888889	2.6	0.8	-0.1705627705627708	0.41
184	0.053124999999999915	3.2	3.2	-0.036363636363636466	0.33999999999999997
178	0.04127604166666667	3.4	0.3	0.2351515151515151	0.41999999999999993
158	0.046006944444444524	3.6	1.3	-0.057142857142857516	0.2599999999999999
242	0.08684895833333339	3.4	0.8	0.07324675324675309	0.36
172	0.07465277777777767	3.6	2.3	-0.057142857142857516	0.2599999999999999
174	0.06795634920634908	3.2	2.7	-0.04069264069264093	0.35
250	0.06575520833333331	3.0	2.5	-0.06666666666666683	0.37
156	0.0632440476190478	3.6	1.3	0.025974025974025716	0.29999999999999993
156	0.0632440476190478	3.6	1.3	0.025974025974025716	0.29999999999999993
184	0.053124999999999915	3.2	3.2	-0.036363636363636466	0.33999999999999997
154	0.05525793650793645	2.4	1.3	-0.23116883116883152	0.41999999999999993
170	0.03802083333333346	2.8	1.7	-0.0723809523809528	0.4299999999999999
214	0.03541666666666695	3.0	0.5	-0.10389610389610429	0.35999999999999993
200	0.0632440476190478	3.6	1.3000000000000003	0.025974025974025716	0.29999999999999993
226	0.047619047619047644	3.0	2.5	-0.06926406926406944	0.38
150	0.054368622448979664	3.4	1.8000000000000003	0.0805194805194803	0.37
162	0.055431547619047644	2.8	1.7	-0.1321212121212123	0.38
248	0.06423611111111105	2.8	2.7000000000000006	-0.21523809523809553	0.33999999999999997
244	0.046006944444444545	2.8	1.7	-0.21523809523809553	0.33999999999999997
170	0.03802083333333346	2.8	1.7	-0.0723809523809528	0.4299999999999999
154	0.05525793650793645	2.4	1.3	-0.23116883116883152	0.41999999999999993
192	0.08221726190476193	3.2	0.19999999999999998	-0.04069264069264093	0.35
174	0.06795634920634908	3.2	2.7	-0.04069264069264093	0.35
170	0.03802083333333346	2.8	1.7	-0.0723809523809528	0.4299999999999999
206	0.06406250000000012	3.8	1.7	0.22476190476190458	0.36999999999999994
188	0.07068452380952368	3.4	2.3	0.10787878787878777	0.37999999999999995
248	0.06423611111111105	2.8	2.7000000000000006	-0.21523809523809553	0.33999999999999997
182	0.06684027777777786	3.4	0.8	0.02476190476190454	0.33999999999999997
236	0.07226562499999993	3.4	0.8	0.0342857142857139	0.3499999999999999
154	0.05525793650793645	2.4	1.3	-0.23116883116883152	0.41999999999999993
232	0.05017361111111113	3.4	1.3000000000000003	0.11515151515151505	0.39999999999999997
158	0.046006944444444524	3.6	1.3	-0.057142857142857516	0.2599999999999999
166	0.051215277777777936	3.6	0.3	-0.057142857142857516	0.2599999999999999
204	0.08551587301587305	2.8	1.7	-0.058874458874458926	0.42000000000000004
242	0.08684895833333339	3.4	0.8	0.07324675324675309	0.36
244	0.046006944444444545	2.8	1.7	-0.21523809523809553	0.33999999999999997
206	0.06406250000000012	3.8	1.7	0.22476190476190458	0.36999999999999994
238	0.029712301587301638	3.0	1.0	-0.020779220779221053	0.39999999999999997
210	0.05555555555555556	3.0	1.5	-0.15238095238095267	0.33999999999999997
238	0.029712301587301638	3.0	1.0	-0.020779220779221053	0.39999999999999997
174	0.06795634920634908	3.2	2.7	-0.04069264069264093	0.35
222	0.05121527777777795	3.8	0.19999999999999998	0.14285714285714252	0.29999999999999993
206	0.06406250000000012	3.8	1.7	0.22476190476190458	0.36999999999999994
246	0.028428819444444454	3.2	1.2	0.07930735930735926	0.41
218	0.06579861111111121	3.0	1.0	-0.11341991341991364	0.35
216	0.02890625000000002	3.2	0.7	-0.0800000000000001	0.31999999999999995
178	0.04127604166666667	3.4	0.3	0.2351515151515151	0.41999999999999993
186	0.03645833333333327	3.8	1.7	0.09142857142857119	0.2899999999999999
