Auto-generated genotype output.
1
2
3
4
5
6
7
8
9
10
11
12
13
14
15
16
17
18
19
20
21
22
23
24
25
26
27
28
29
30
31
32
33
34
35
36
37
38
39
40
41
42
43
44
45
46
47
48
49
50
51
52
53
54
55
56
57
58
59
60
61
62
63
64
65
66
67
68
69
70
71
72
73
74
75
76
77
78
79
80
81
82
83
84
85
86
87
88
89
90
91
92
93
94
95
96
97
98
99
100
101
102
103
104
105
106
107
108
109
110
111
112
113
114
115
116
117
118
119
120
121
122
123
124
125
126
127
128
129
130
131
132
133
134
135
136
137
138
139
140
141
142
143
144
145
146
147
148
149
150
151
152
153
154
155
156
157
158
159
160
161
162
163
164
165
166
167
168
169
170
171
172
173
174
175
176
177
178
179
180
181
182
183
184
185
186
187
188
189
190
191
192
193
194
195
196
197
198
199
200
201
202
203
204
205
206
207
208
209
210
211
212
213
214
215
216
217
218
219
220
221
222
223
224
225
226
227
228
229
230
231
232
233
234
235
236
237
238
239
240
241
242
243
244
245
246
247
248
249
250
251
252
253
254
255
256
257
258
259
260
261
262
263
264
265
266
267
268
269
270
271
272
273
274
275
276
277
278
279
280
281
282
283
284
285
286
287
288
289
290
291
292
293
294
295
296
297
298
299
300
301
302
303
304
305
306
307
308
309
310
311
312
313
314
315
316
317
318
319
320
321
322
323
324
325
326
327
328
329
330
331
332
333
334
335
336
337
338
339
340
341
342
343
344
345
346
347
348
349
350
351
352
353
354
355
356
357
358
359
360
361
362
363
364
365
366
367
368
369
370
371
372
373
374
375
376
377
378
379
380
381
382
383
384
385
386
387
388
389
390
391
392
393
394
395
396
397
398
399
400
401
402
403
404
405
406
407
408
409
410
411
412
413
414
415
416
417
418
419
420
421
422
423
424
425
426
427
428
429
430
431
432
433
434
435
436
437
438
439
440
441
442
443
444
445
446
447
448
449
450
451
452
453
454
455
456
457
458
459
460
461
462
463
464
465
466
467
468
469
470
471
472
473
474
475
476
477
478
479
480
481
482
483
484
485
486
487
488
489
490
491
492
493
494
495
496
497
498
499
500
Pop
1 , 0304 0202 0101 0301 0204 0101 0303 0101 0202 0104 0404 0202 0303 0102 0203 0201 0404 0203 0101 0404 0404 0303 0202 0202 0303 0303 0304 0303 0303 0202 0202 0101 0101 0203 0101 0202 0101 0104 0101 0404 0202 0202 0203 0203 0101 0202 0404 0301 0303 0303 0202 0204 0203 0303 0204 0202 0104 0102 0303 0304 0204 0404 0303 0101 0403 0202 0102 0303 0101 0201 0202 0404 0102 0103 0202 0302 0101 0404 0102 0303 0104 0404 0101 0304 0401 0404 0404 0301 0101 0303 0202 0404 0404 0202 0303 0401 0202 0303 0202 0303 0404 0401 0101 0202 0101 0101 0103 0301 0101 0102 0101 0303 0303 0404 0301 0404 0101 0101 0301 0301 0201 0101 0303 0404 0103 0303 0102 0303 0402 0303 0202 0101 0303 0401 0101 0202 0401 0101 0404 0404 0401 0204 0101 0301 0202 0202 0102 0404 0404 0404 0202 0404 0202 0101 0301 0103 0404 0404 0101 0202 0302 0101 0204 0404 0303 0101 0404 0202 0101 0303 0203 0303 0202 0204 0303 0101 0303 0202 0403 0302 0303 0202 0202 0404 0304 0101 0203 0404 0203 0404 0201 0101 0102 0404 0204 0101 0104 0404 0303 0301 0204 0202 0202 0101 0404 0303 0202 0202 0101 0103 0202 0402 0203 0303 0304 0101 0202 0303 0104 0303 0304 0404 0404 0202 0101 0404 0202 0303 0101 0101 0404 0202 0101 0403 0404 0303 0202 0101 0404 0303 0202 0202 0402 0404 0101 0303 0203 0101 0101 0101 0302 0303 0102 0103 0104 0404 0101 0404 0101 0101 0404 0404 0403 0202 0404 0202 0301 0404 0202 0403 0101 0404 0404 0303 0404 0202 0202 0304 0404 0403 0101 0404 0303 0103 0101 0101 0103 0303 0303 0303 0404 0203 0202 0202 0302 0404 0301 0303 0404 0104 0404 0202 0202 0404 0401 0202 0303 0202 0303 0101 0401 0404 0101 0101 0101 0103 0401 0101 0303 0303 0101 0404 0404 0303 0101 0101 0104 0204 0303 0204 0402 0202 0101 0404 0202 0203 0404 0204 0202 0404 0301 0403 0103 0303 0202 0202 0401 0301 0202 0201 0303 0101 0402 0304 0102 0202 0104 0103 0404 0202 0104 0303 0101 0303 0404 0203 0202 0404 0202 0404 0202 0202 0303 0404 0202 0404 0104 0202 0303 0101 0101 0303 0102 0202 0404 0303 0303 0404 0202 0101 0201 0202 0101 0201 0304 0401 0302 0401 0101 0404 0101 0303 0303 0302 0101 0402 0404 0202 0404 0203 0404 0404 0303 0101 0403 0404 0404 0202 0303 0204 0303 0202 0404 0404 0202 0404 0303 0101 0202 0404 0202 0303 0303 0303 0202 0402 0102 0103 0103 0203 0402 0303 0404 0101 0202 0404 0402 0202 0301 0403 0101 0101 0202 0303 0101 0101 0102 0203 0404 0101 0404 0303 0404 0404 0101 0404 0301 0402 0202 0303 0403 0404 0101 0101 0101 0202 0303 0101 0303 0202 0404 0303 0303 0204 0202 0202 0101 0101 0101 0302 0101 0201 0202 0303 0204 0204 0404 0101 0202 0303
2 , 0303 0204 0104 0303 0404 0303 0303 0101 0202 0404 0404 0402 0303 0101 0302 0201 0404 0303 0101 0404 0404 0303 0202 0303 0203 0303 0403 0303 0303 0202 0202 0101 0103 0202 0101 0202 0101 0404 0201 0404 0204 0402 0202 0303 0101 0302 0404 0303 0303 0303 0402 0404 0302 0301 0202 0202 0401 0202 0303 0304 0402 0404 0303 0101 0303 0303 0101 0303 0101 0202 0202 0104 0202 0101 0202 0303 0102 0403 0101 0303 0404 0404 0404 0303 0101 0404 0404 0103 0101 0103 0202 0404 0401 0202 0303 0104 0202 0303 0402 0301 0404 0404 0401 0202 0101 0101 0301 0301 0101 0202 0101 0303 0303 0404 0103 0404 0103 0101 0301 0101 0202 0201 0301 0404 0303 0303 0202 0404 0204 0303 0202 0104 0303 0404 0101 0202 0404 0104 0404 0303 0404 0202 0103 0303 0203 0201 0202 0404 0404 0104 0203 0404 0302 0101 0101 0303 0404 0403 0101 0202 0303 0101 0202 0204 0202 0101 0204 0201 0401 0303 0202 0303 0202 0202 0303 0103 0303 0101 0403 0203 0301 0202 0203 0404 0404 0103 0302 0303 0203 0404 0202 0104 0101 0304 0202 0101 0104 0304 0404 0303 0202 0202 0202 0101 0404 0303 0202 0202 0101 0301 0202 0402 0203 0303 0303 0101 0202 0303 0104 0303 0304 0404 0402 0202 0101 0404 0202 0303 0101 0101 0403 0102 0202 0303 0404 0303 0202 0101 0104 0301 0102 0102 0402 0404 0201 0404 0202 0404 0101 0101 0303 0303 0101 0303 0101 0303 0101 0403 0101 0104 0404 0204 0403 0302 0404 0202 0303 0404 0202 0404 0301 0104 0404 0303 0404 0202 0202 0403 0404 0303 0101 0404 0101 0301 0101 0404 0303 0303 0404 0403 0404 0202 0204 0202 0302 0404 0303 0302 0404 0104 0404 0202 0202 0404 0401 0404 0303 0202 0203 0101 0101 0202 0101 0101 0101 0303 0404 0101 0403 0303 0101 0404 0404 0303 0101 0101 0101 0202 0303 0204 0404 0404 0101 0404 0202 0302 0404 0204 0202 0404 0101 0404 0101 0303 0201 0202 0104 0101 0202 0202 0103 0401 0204 0404 0201 0402 0401 0303 0404 0204 0101 0303 0101 0304 0403 0203 0201 0404 0302 0404 0101 0201 0303 0404 0202 0404 0401 0102 0303 0101 0401 0303 0202 0202 0404 0303 0303 0404 0202 0101 0101 0202 0101 0201 0304 0404 0202 0101 0101 0404 0101 0303 0303 0303 0101 0202 0404 0202 0404 0303 0404 0404 0303 0101 0303 0401 0404 0202 0303 0204 0301 0202 0404 0404 0202 0404 0103 0101 0202 0404 0202 0303 0303 0303 0202 0404 0102 0103 0303 0302 0404 0303 0404 0101 0202 0404 0404 0203 0103 0303 0104 0101 0204 0202 0401 0101 0101 0302 0403 0101 0402 0103 0404 0404 0101 0404 0101 0404 0202 0303 0404 0404 0101 0103 0104 0202 0303 0201 0203 0201 0404 0301 0303 0204 0202 0402 0404 0102 0101 0202 0101 0202 0404 0303 0202 0404 0404 0101 0404 0303
3 , 0403 0202 0101 0303 0404 0103 0303 0101 0202 0104 0304 0204 0303 0202 0202 0202 0404 0303 0101 0404 0404 0303 0202 0303 0303 0303 0304 0301 0303 0202 0203 0101 0103 0302 0101 0201 0102 0104 0102 0202 0204 0202 0202 0202 0101 0202 0202 0301 0303 0303 0202 0404 0202 0303 0204 0202 0101 0202 0203 0303 0402 0404 0303 0103 0304 0202 0101 0103 0301 0201 0202 0101 0102 0101 0201 0303 0202 0404 0202 0203 0404 0204 0404 0303 0401 0404 0404 0101 0101 0303 0202 0404 0404 0202 0303 0104 0202 0303 0402 0101 0104 0104 0404 0402 0103 0101 0303 0101 0101 0201 0101 0203 0303 0304 0101 0404 0301 0303 0103 0103 0202 0102 0303 0404 0303 0203 0202 0403 0204 0302 0202 0101 0304 0404 0101 0202 0401 0404 0404 0403 0104 0402 0101 0103 0202 0102 0101 0404 0404 0104 0202 0404 0202 0101 0301 0103 0404 0403 0101 0202 0203 0101 0404 0204 0303 0301 0202 0202 0401 0103 0302 0304 0202 0402 0303 0301 0103 0101 0404 0303 0303 0202 0202 0402 0304 0101 0203 0304 0203 0404 0201 0404 0201 0403 0202 0101 0101 0304 0303 0303 0204 0202 0202 0101 0202 0303 0202 0402 0101 0303 0202 0404 0203 0303 0303 0101 0201 0303 0401 0301 0403 0404 0402 0202 0101 0404 0201 0303 0101 0101 0304 0202 0201 0404 0404 0303 0202 0104 0404 0303 0202 0202 0404 0402 0201 0303 0202 0101 0101 0101 0303 0303 0102 0301 0401 0403 0104 0304 0101 0101 0404 0404 0403 0202 0404 0202 0301 0404 0202 0404 0101 0404 0404 0301 0404 0303 0202 0304 0304 0303 0101 0401 0103 0303 0101 0104 0303 0303 0404 0403 0404 0202 0402 0202 0302 0304 0103 0202 0404 0104 0404 0202 0202 0401 0101 0202 0303 0202 0303 0101 0101 0404 0101 0101 0102 0303 0101 0101 0303 0103 0401 0404 0404 0303 0101 0101 0101 0202 0302 0202 0404 0202 0104 0404 0204 0302 0404 0202 0102 0404 0301 0404 0101 0404 0101 0204 0404 0101 0202 0202 0301 0401 0202 0403 0102 0404 0101 0103 0404 0202 0101 0303 0101 0304 0403 0202 0202 0404 0203 0404 0102 0101 0303 0202 0102 0404 0404 0201 0303 0101 0401 0303 0202 0202 0404 0301 0303 0404 0202 0101 0101 0201 0101 0201 0403 0104 0202 0401 0101 0404 0404 0403 0103 0303 0101 0404 0404 0102 0404 0302 0404 0404 0303 0101 0304 0401 0404 0202 0101 0404 0301 0202 0404 0404 0202 0204 0303 0301 0202 0404 0302 0303 0403 0303 0202 0204 0202 0303 0303 0302 0204 0303 0404 0101 0102 0404 0402 0202 0303 0404 0101 0101 0202 0303 0101 0101 0101 0302 0404 0101 0404 0303 0404 0404 0101 0404 0101 0402 0202 0303 0404 0404 0401 0101 0401 0203 0301 0101 0303 0101 0404 0303 0403 0404 0202 0402 0101 0102 0101 0303 0303 0102 0404 0303 0202 0404 0404 0101 0204 0303
4 , 0304 0202 0104 0101 0404 0301 0303 0101 0203 0104 0404 0204 0203 0102 0202 0102 0404 0203 0101 0401 0404 0303 0202 0202 0303 0303 0404 0303 0303 0202 0303 0101 0103 0303 0101 0202 0101 0404 0101 0402 0404 0202 0302 0202 0101 0302 0402 0303 0303 0303 0202 0204 0202 0301 0402 0202 0101 0202 0303 0404 0404 0404 0303 0301 0403 0203 0101 0303 0101 0202 0202 0104 0202 0101 0101 0303 0101 0404 0101 0303 0104 0404 0404 0303 0101 0404 0101 0103 0101 0303 0202 0404 0104 0202 0303 0404 0202 0303 0204 0101 0404 0404 0401 0204 0301 0101 0101 0101 0101 0202 0101 0303 0303 0404 0303 0404 0101 0101 0301 0101 0202 0201 0301 0104 0303 0302 0202 0303 0202 0303 0202 0104 0404 0404 0101 0102 0404 0404 0404 0304 0404 0202 0101 0303 0202 0202 0202 0404 0404 0401 0203 0304 0202 0101 0101 0103 0304 0404 0101 0202 0203 0101 0404 0404 0303 0103 0404 0202 0404 0101 0202 0303 0202 0202 0303 0303 0301 0101 0403 0203 0303 0202 0202 0204 0304 0301 0202 0404 0303 0404 0101 0401 0201 0404 0202 0301 0401 0303 0303 0301 0202 0202 0202 0301 0404 0303 0202 0402 0101 0303 0202 0204 0203 0202 0304 0101 0102 0303 0404 0303 0403 0404 0404 0202 0101 0404 0102 0303 0101 0101 0303 0202 0202 0304 0404 0303 0203 0401 0404 0303 0102 0202 0404 0402 0102 0304 0203 0104 0101 0101 0202 0303 0102 0303 0401 0403 0101 0304 0101 0101 0404 0404 0404 0202 0403 0302 0303 0404 0302 0303 0103 0401 0401 0103 0404 0202 0402 0303 0404 0303 0301 0401 0303 0301 0101 0104 0303 0303 0404 0304 0404 0202 0402 0202 0203 0403 0101 0302 0204 0101 0404 0202 0202 0404 0401 0202 0303 0402 0302 0101 0101 0402 0102 0101 0102 0303 0404 0101 0303 0303 0101 0404 0404 0302 0101 0101 0104 0202 0303 0202 0404 0202 0101 0404 0202 0302 0404 0204 0202 0404 0303 0404 0103 0403 0202 0202 0104 0101 0204 0202 0303 0104 0404 0304 0102 0202 0101 0303 0404 0204 0101 0303 0101 0303 0303 0203 0201 0404 0202 0401 0102 0201 0303 0202 0202 0404 0401 0202 0303 0101 0101 0403 0202 0202 0404 0303 0302 0404 0202 0101 0102 0201 0101 0102 0403 0101 0202 0101 0101 0403 0104 0303 0301 0303 0101 0204 0403 0202 0404 0302 0401 0404 0303 0101 0303 0404 0404 0202 0303 0202 0303 0202 0304 0404 0202 0404 0303 0301 0202 0404 0202 0302 0303 0303 0202 0204 0202 0303 0103 0303 0404 0103 0401 0101 0202 0104 0202 0302 0303 0404 0101 0101 0202 0302 0101 0103 0101 0202 0404 0103 0404 0303 0404 0404 0104 0404 0101 0404 0202 0303 0404 0104 0104 0103 0101 0203 0303 0101 0202 0102 0304 0303 0404 0202 0202 0204 0404 0202 0101 0203 0301 0202 0404 0303 0202 0404 0204 0201 0402 0303
5 , 0404 0202 0401 0303 0204 0301 0304 0101 0202 0104 0404 0202 0303 0201 0202 0202 0404 0303 0101 0404 0404 0203 0202 0303 0303 0303 0304 0301 0303 0202 0302 0101 0303 0203 0101 0202 0101 0404 0201 0404 0202 0202 0202 0302 0101 0202 0204 0103 0103 0203 0202 0204 0203 0303 0402 0202 0101 0101 0303 0403 0204 0404 0303 0101 0304 0202 0102 0303 0101 0202 0302 0101 0202 0101 0102 0203 0101 0304 0101 0303 0404 0404 0104 0303 0101 0404 0404 0301 0101 0303 0202 0101 0404 0202 0303 0404 0202 0303 0202 0103 0404 0401 0404 0202 0101 0301 0301 0101 0101 0202 0101 0303 0303 0403 0303 0404 0301 0101 0303 0101 0101 0202 0301 0404 0303 0303 0202 0404 0202 0303 0202 0101 0303 0404 0101 0202 0404 0101 0104 0304 0104 0202 0101 0303 0202 0202 0202 0404 0404 0104 0302 0403 0302 0101 0303 0303 0404 0403 0101 0202 0202 0101 0204 0402 0303 0303 0404 0202 0401 0301 0303 0303 0202 0404 0303 0303 0303 0102 0404 0303 0303 0204 0202 0404 0303 0101 0302 0303 0302 0404 0102 0104 0101 0404 0202 0301 0104 0404 0403 0303 0202 0202 0202 0103 0404 0303 0202 0204 0104 0301 0202 0204 0302 0202 0304 0101 0202 0303 0404 0303 0303 0404 0404 0201 0101 0404 0202 0302 0101 0101 0403 0202 0101 0404 0404 0303 0202 0104 0404 0103 0101 0202 0402 0204 0101 0304 0302 0101 0101 0101 0302 0303 0102 0101 0101 0304 0104 0303 0104 0101 0104 0404 0303 0202 0304 0202 0303 0204 0202 0403 0303 0104 0104 0303 0404 0302 0202 0403 0404 0303 0101 0404 0101 0301 0101 0401 0303 0303 0404 0404 0104 0203 0202 0202 0303 0304 0303 0302 0404 0104 0404 0202 0202 0101 0404 0204 0303 0202 0303 0102 0101 0402 0101 0101 0202 0301 0104 0101 0303 0303 0101 0401 0404 0303 0103 0101 0101 0202 0303 0202 0404 0204 0404 0401 0202 0202 0401 0402 0101 0404 0303 0304 0101 0403 0102 0202 0104 0101 0202 0201 0303 0101 0402 0303 0202 0202 0104 0303 0104 0204 0101 0303 0101 0403 0404 0202 0202 0404 0202 0404 0202 0202 0303 0402 0202 0404 0404 0101 0303 0301 0104 0303 0202 0302 0402 0303 0303 0404 0202 0101 0101 0202 0101 0101 0303 0101 0202 0101 0101 0404 0401 0303 0301 0203 0101 0402 0304 0202 0304 0303 0401 0404 0304 0101 0304 0404 0404 0202 0303 0202 0303 0202 0404 0404 0202 0404 0303 0103 0202 0404 0202 0303 0303 0303 0202 0204 0102 0101 0103 0303 0404 0103 0404 0101 0202 0404 0404 0202 0303 0404 0401 0101 0202 0203 0101 0301 0202 0303 0404 0101 0204 0303 0303 0404 0101 0404 0101 0404 0202 0303 0403 0404 0104 0101 0101 0202 0301 0201 0303 0102 0403 0303 0304 0404 0202 0402 0101 0101 0101 0303 0101 0202 0404 0304 0404 0404 0404 0101 0402 0303