Auto-generated genotype output.
1
2
3
4
5
6
7
8
9
10
11
12
13
14
15
16
17
18
19
20
21
22
23
24
25
26
27
28
29
30
31
32
33
34
35
36
37
38
39
40
41
42
43
44
45
46
47
48
49
50
Pop
1 , 0101 0404 0404 0103 0404 0202 0101 0403 0101 0403 0101 0203 0203 0101 0401 0303 0401 0301 0303 0303 0101 0103 0303 0303 0303 0102 0101 0302 0303 0302 0202 0102 0102 0202 0202 0404 0101 0104 0303 0403 0202 0303 0303 0203 0404 0203 0101 0102 0404 0404
2 , 0201 0404 0404 0303 0104 0202 0101 0304 0101 0404 0102 0202 0202 0101 0404 0303 0404 0303 0403 0301 0101 0303 0303 0302 0303 0102 0101 0202 0303 0203 0302 0101 0102 0202 0202 0404 0101 0404 0103 0303 0202 0301 0303 0302 0404 0202 0102 0102 0204 0402
3 , 0101 0403 0401 0303 0404 0302 0201 0403 0101 0404 0201 0303 0202 0104 0404 0101 0404 0303 0404 0303 0101 0303 0303 0303 0304 0102 0102 0302 0303 0302 0203 0102 0202 0102 0202 0404 0404 0104 0303 0304 0202 0101 0304 0302 0404 0202 0202 0101 0404 0404
4 , 0101 0404 0404 0301 0401 0302 0101 0303 0102 0404 0201 0303 0202 0401 0404 0101 0404 0301 0404 0303 0101 0303 0301 0303 0303 0101 0102 0202 0403 0203 0202 0101 0101 0201 0101 0404 0101 0404 0303 0404 0101 0101 0303 0203 0403 0202 0201 0202 0404 0402
5 , 0101 0404 0404 0101 0101 0202 0101 0403 0101 0304 0102 0303 0202 0104 0104 0303 0401 0303 0304 0303 0103 0103 0303 0302 0303 0101 0101 0203 0404 0203 0302 0101 0201 0202 0202 0403 0101 0404 0303 0403 0201 0101 0303 0202 0404 0302 0201 0102 0404 0404