Auto-generated genotype output.
1
2
3
4
5
6
7
8
9
10
11
12
13
14
15
16
17
18
19
20
21
22
23
24
25
26
27
28
29
30
Pop
1 , 0204 0303 0101 0401 0404 0101 0104 0404 0404 0303 0404 0303 0303 0202 0202 0201 0101 0303 0304 0304 0102 0202 0204 0404 0101 0303 0404 0101 0202 0103 
2 , 0402 0303 0101 0101 0401 0101 0404 0404 0404 0303 0404 0303 0303 0202 0202 0101 0101 0304 0403 0404 0201 0202 0202 0303 0101 0303 0404 0201 0302 0101 
3 , 0404 0303 0101 0401 0101 0401 0101 0404 0101 0303 0404 0303 0302 0402 0202 0101 0101 0403 0403 0404 0202 0203 0202 0303 0101 0203 0404 0101 0302 0101 
4 , 0402 0303 0301 0401 0101 0401 0104 0204 0104 0303 0404 0303 0303 0202 0404 0202 0401 0403 0404 0403 0102 0202 0202 0303 0401 0203 0404 0101 0202 0301 
5 , 0402 0303 0101 0404 0104 0101 0401 0404 0401 0303 0104 0101 0303 0202 0402 0102 0101 0403 0403 0404 0101 0302 0202 0303 0101 0303 0404 0201 0202 0101 
6 , 0204 0203 0101 0104 0104 0101 0101 0404 0401 0302 0404 0101 0303 0402 0402 0202 0101 0304 0304 0404 0101 0203 0202 0403 0104 0302 0404 0101 0202 0303 
7 , 0404 0303 0301 0104 0104 0401 0101 0404 0401 0303 0404 0101 0203 0202 0402 0102 0101 0303 0403 0403 0101 0302 0202 0303 0101 0303 0404 0201 0202 0301 
8 , 0404 0303 0101 0104 0404 0401 0401 0404 0404 0303 0404 0101 0303 0202 0402 0201 0101 0304 0403 0404 0201 0202 0202 0303 0101 0203 0401 0201 0202 0101 
9 , 0202 0303 0101 0401 0104 0101 0101 0404 0401 0303 0104 0101 0203 0202 0204 0102 0401 0403 0403 0404 0102 0202 0202 0403 0101 0303 0401 0102 0202 0101 
10 , 0204 0302 0101 0104 0404 0101 0101 0202 0101 0303 0404 0303 0203 0402 0202 0102 0101 0304 0304 0404 0102 0303 0204 0403 0101 0303 0404 0201 0302 0101 
