SCA ISLAND
1
2
3
4
5
6
7
8
9
10
11
12
13
14
15
16
17
18
19
20
21
22
23
24
25
26
27
28
29
30
31
32
33
34
35
36
37
38
39
40
41
42
43
44
45
46
47
48
49
50
51
52
53
54
55
56
57
58
59
60
61
62
63
64
65
66
67
68
69
70
71
72
73
74
75
76
77
78
79
80
81
82
83
84
85
86
87
88
89
90
91
92
93
94
95
96
97
98
99
100
Pop
sca , 0103 0304 0202 0303 0202 0101 0104 0101 0101 0204 0202 0202 0101 0101 0202 0102 0404 0203 0404 0404 0101 0303 0204 0404 0303 0204 0202 0103 0202 0202 0404 0204 0101 0203 0202 0404 0202 0101 0204 0202 0204 0101 0303 0404 0204 0103 0404 0404 0204 0103 0303 0303 0103 0202 0303 0202 0204 0104 0202 0404 0101 0303 0202 0404 0103 0202 0404 0202 0101 0204 0101 0204 0204 0404 0303 0101 0303 0204 0404 0103 0101 0101 0101 0303 0101 0202 0404 0404 0303 0404 0303 0404 0404 0303 0101 0101 0404 0101 0202 0101
sca , 0103 0304 0202 0303 0202 0101 0404 0101 0101 0204 0202 0404 0101 0101 0202 0202 0404 0303 0404 0404 0103 0303 0404 0404 0101 0404 0202 0103 0202 0102 0404 0404 0101 0202 0202 0404 0202 0103 0202 0202 0202 0101 0303 0404 0202 0303 0404 0404 0404 0103 0303 0303 0303 0202 0303 0202 0202 0104 0202 0404 0101 0303 0202 0404 0103 0202 0404 0202 0101 0204 0103 0204 0202 0404 0303 0104 0303 0204 0404 0103 0101 0101 0103 0303 0101 0202 0404 0404 0303 0404 0303 0204 0404 0303 0101 0101 0404 0101 0202 0303
sca , 0303 0304 0204 0303 0202 0101 0101 0101 0101 0204 0202 0202 0101 0101 0202 0101 0204 0303 0204 0404 0101 0303 0202 0404 0103 0202 0202 0101 0202 0202 0404 0404 0101 0202 0202 0404 0202 0303 0202 0202 0202 0101 0303 0202 0202 0303 0404 0404 0202 0103 0303 0303 0303 0202 0303 0202 0204 0101 0202 0404 0101 0303 0203 0404 0101 0202 0404 0202 0101 0404 0103 0204 0202 0404 0303 0101 0303 0204 0404 0101 0101 0101 0101 0303 0101 0202 0204 0404 0303 0404 0303 0404 0404 0303 0101 0101 0404 0101 0202 0303
sca , 0103 0303 0202 0303 0202 0101 0104 0101 0101 0404 0202 0204 0101 0101 0202 0102 0404 0203 0404 0404 0103 0303 0404 0404 0103 0202 0202 0303 0202 0202 0404 0404 0101 0203 0202 0404 0202 0103 0204 0202 0202 0101 0303 0202 0202 0303 0404 0404 0404 0101 0303 0303 0303 0404 0303 0202 0204 0404 0202 0404 0103 0303 0202 0404 0101 0202 0404 0202 0101 0202 0101 0202 0202 0404 0303 0101 0303 0204 0404 0103 0101 0101 0101 0303 0101 0202 0404 0404 0303 0404 0303 0404 0404 0303 0101 0101 0404 0101 0202 0303
sca , 0101 0304 0202 0303 0202 0101 0404 0101 0101 0204 0202 0404 0101 0101 0202 0102 0404 0203 0404 0404 0303 0303 0204 0404 0103 0202 0202 0303 0202 0202 0404 0404 0101 0202 0202 0404 0202 0103 0204 0202 0202 0101 0303 0204 0202 0303 0404 0404 0404 0103 0303 0303 0103 0204 0303 0202 0204 0404 0202 0404 0101 0303 0202 0404 0101 0202 0404 0202 0101 0202 0101 0202 0202 0404 0303 0104 0303 0202 0404 0103 0101 0101 0103 0303 0101 0202 0204 0404 0303 0404 0103 0404 0404 0303 0101 0101 0404 0101 0202 0103
sca , 0101 0304 0202 0303 0202 0101 0404 0101 0103 0204 0202 0204 0101 0101 0202 0102 0204 0303 0404 0404 0103 0303 0204 0404 0103 0202 0202 0101 0202 0202 0404 0404 0101 0203 0202 0404 0202 0101 0202 0202 0204 0101 0303 0204 0202 0303 0404 0404 0204 0303 0303 0303 0103 0202 0303 0202 0202 0101 0202 0404 0101 0303 0202 0404 0103 0202 0404 0202 0101 0204 0103 0404 0204 0404 0303 0104 0303 0204 0404 0101 0101 0101 0101 0303 0101 0202 0404 0404 0303 0404 0303 0404 0404 0303 0101 0101 0404 0101 0202 0103
sca , 0103 0304 0202 0303 0202 0101 0101 0101 0101 0204 0202 0204 0101 0101 0202 0101 0404 0303 0204 0404 0103 0303 0404 0404 0103 0204 0202 0103 0202 0202 0404 0204 0101 0203 0202 0304 0202 0303 0204 0202 0204 0101 0303 0204 0202 0303 0404 0404 0404 0103 0303 0303 0103 0202 0303 0202 0204 0104 0202 0404 0101 0303 0202 0404 0101 0202 0404 0202 0101 0202 0101 0202 0202 0404 0303 0101 0303 0204 0404 0101 0101 0101 0103 0303 0101 0202 0204 0404 0304 0404 0303 0204 0404 0303 0101 0101 0404 0101 0202 0303
sca , 0303 0303 0202 0303 0202 0101 0404 0101 0101 0204 0202 0204 0101 0101 0202 0202 0204 0303 0404 0404 0103 0303 0404 0404 0103 0204 0202 0103 0202 0202 0404 0204 0101 0303 0202 0404 0202 0101 0204 0202 0202 0101 0303 0204 0202 0303 0404 0404 0202 0303 0303 0303 0103 0202 0303 0202 0204 0104 0202 0404 0101 0303 0202 0404 0101 0202 0404 0202 0101 0202 0101 0202 0202 0404 0303 0104 0303 0204 0404 0103 0101 0101 0101 0303 0101 0202 0204 0404 0303 0404 0303 0204 0404 0303 0101 0101 0404 0101 0202 0303
sca , 0103 0304 0202 0303 0202 0101 0104 0101 0101 0202 0202 0404 0101 0101 0202 0101 0204 0303 0404 0404 0103 0303 0202 0404 0303 0204 0202 0103 0202 0202 0404 0404 0101 0203 0202 0304 0202 0101 0204 0202 0202 0101 0303 0204 0204 0303 0404 0404 0202 0101 0303 0303 0303 0202 0303 0202 0202 0104 0202 0404 0101 0303 0202 0404 0103 0202 0404 0204 0101 0202 0303 0204 0202 0404 0303 0404 0303 0202 0404 0103 0101 0101 0101 0303 0101 0202 0404 0404 0303 0404 0303 0204 0404 0303 0101 0101 0404 0101 0202 0303
sca , 0101 0404 0202 0303 0202 0101 0104 0102 0101 0204 0202 0204 0101 0101 0202 0101 0404 0303 0204 0404 0101 0303 0204 0404 0103 0204 0202 0103 0202 0202 0404 0404 0101 0303 0202 0404 0202 0103 0204 0202 0202 0101 0303 0202 0202 0303 0404 0404 0404 0303 0303 0303 0103 0204 0303 0202 0204 0104 0202 0404 0101 0303 0202 0404 0303 0202 0404 0204 0101 0202 0103 0202 0202 0404 0303 0404 0303 0202 0404 0101 0101 0101 0303 0303 0101 0202 0404 0404 0303 0404 0303 0204 0404 0303 0101 0101 0404 0101 0202 0101
sca , 0103 0304 0202 0303 0202 0101 0404 0101 0101 0202 0202 0204 0101 0101 0202 0101 0204 0303 0202 0404 0101 0303 0204 0404 0103 0404 0202 0101 0202 0202 0404 0404 0101 0303 0202 0404 0202 0103 0202 0202 0202 0101 0303 0202 0202 0303 0404 0404 0404 0103 0303 0303 0103 0204 0303 0202 0202 0104 0202 0404 0101 0303 0202 0404 0103 0202 0404 0202 0101 0404 0103 0202 0202 0404 0303 0404 0303 0202 0404 0101 0101 0101 0101 0303 0101 0202 0404 0404 0303 0404 0303 0404 0404 0303 0101 0101 0404 0101 0202 0103
sca , 0103 0304 0202 0303 0202 0101 0104 0202 0101 0204 0202 0202 0101 0101 0202 0101 0404 0303 0404 0404 0101 0303 0202 0404 0303 0202 0202 0103 0202 0202 0404 0404 0101 0303 0202 0304 0202 0101 0204 0202 0202 0101 0303 0202 0202 0303 0404 0404 0404 0303 0303 0303 0103 0204 0303 0202 0204 0404 0202 0404 0101 0303 0202 0404 0103 0202 0404 0202 0101 0204 0103 0202 0202 0404 0303 0104 0303 0202 0404 0101 0101 0101 0101 0303 0101 0202 0202 0404 0303 0404 0103 0204 0404 0303 0101 0101 0404 0101 0202 0101
sca , 0101 0304 0204 0303 0202 0101 0101 0101 0103 0204 0202 0404 0101 0101 0202 0101 0204 0303 0404 0404 0101 0303 0202 0404 0103 0202 0202 0303 0202 0101 0404 0404 0101 0203 0202 0404 0202 0103 0202 0202 0202 0101 0303 0404 0202 0303 0404 0404 0404 0303 0303 0303 0103 0202 0303 0202 0404 0104 0202 0404 0101 0303 0203 0404 0101 0202 0404 0202 0101 0404 0101 0204 0202 0404 0303 0104 0303 0204 0304 0103 0101 0101 0103 0303 0101 0202 0204 0404 0303 0404 0303 0204 0404 0303 0101 0101 0404 0101 0202 0103
sca , 0101 0404 0202 0303 0202 0101 0101 0101 0103 0204 0202 0204 0101 0101 0202 0101 0404 0303 0404 0404 0103 0303 0204 0404 0103 0202 0202 0101 0202 0202 0404 0404 0101 0203 0202 0304 0202 0101 0204 0202 0202 0101 0303 0404 0204 0303 0404 0404 0204 0303 0303 0303 0101 0202 0303 0202 0204 0101 0202 0404 0101 0303 0202 0404 0101 0202 0404 0204 0101 0404 0103 0404 0202 0404 0303 0104 0303 0204 0404 0101 0101 0101 0303 0303 0101 0202 0204 0404 0304 0404 0303 0404 0404 0303 0101 0102 0404 0101 0202 0103
sca , 0103 0404 0202 0303 0202 0101 0104 0101 0101 0202 0202 0204 0101 0101 0202 0101 0204 0203 0404 0404 0101 0303 0202 0404 0303 0202 0202 0303 0202 0202 0404 0404 0101 0203 0202 0404 0202 0101 0202 0202 0202 0101 0303 0404 0202 0303 0404 0404 0202 0303 0303 0303 0101 0202 0303 0202 0204 0101 0202 0404 0101 0303 0203 0404 0303 0202 0404 0204 0101 0404 0103 0202 0202 0404 0303 0404 0303 0202 0404 0103 0101 0101 0103 0303 0101 0202 0204 0404 0303 0404 0303 0404 0404 0303 0101 0102 0404 0101 0202 0303
sca , 0103 0404 0202 0303 0202 0101 0404 0101 0101 0202 0202 0404 0101 0101 0202 0102 0204 0203 0404 0404 0101 0303 0202 0404 0103 0202 0202 0101 0202 0202 0404 0404 0101 0203 0202 0404 0202 0101 0204 0202 0202 0101 0303 0404 0202 0303 0404 0404 0204 0101 0303 0303 0103 0204 0303 0202 0202 0104 0202 0404 0101 0303 0202 0404 0103 0202 0404 0204 0101 0202 0303 0202 0202 0404 0303 0404 0303 0202 0404 0101 0101 0101 0103 0304 0101 0202 0404 0404 0303 0404 0303 0202 0204 0303 0101 0101 0404 0101 0202 0103
sca , 0101 0304 0204 0303 0202 0101 0104 0101 0101 0204 0202 0404 0101 0101 0202 0102 0204 0203 0404 0404 0303 0303 0202 0404 0103 0202 0202 0103 0202 0202 0404 0204 0101 0203 0202 0304 0202 0101 0404 0202 0202 0101 0303 0202 0202 0303 0404 0404 0202 0103 0303 0303 0103 0204 0303 0202 0204 0404 0202 0404 0101 0303 0202 0404 0103 0202 0404 0202 0101 0202 0101 0204 0202 0404 0303 0104 0303 0202 0404 0101 0101 0101 0103 0304 0101 0202 0404 0404 0303 0404 0303 0404 0404 0303 0101 0101 0404 0101 0202 0103
sca , 0103 0404 0202 0303 0202 0101 0104 0101 0101 0202 0202 0404 0101 0101 0202 0101 0404 0303 0204 0404 0101 0303 0204 0404 0303 0404 0202 0103 0202 0202 0404 0404 0101 0303 0202 0304 0202 0103 0202 0202 0202 0101 0303 0204 0202 0303 0404 0404 0404 0103 0303 0303 0101 0202 0303 0202 0204 0104 0202 0404 0101 0303 0202 0404 0303 0202 0404 0202 0101 0204 0101 0202 0202 0404 0303 0404 0303 0204 0404 0103 0101 0101 0103 0303 0101 0202 0404 0404 0303 0404 0303 0404 0404 0303 0101 0101 0404 0101 0202 0103
sca , 0101 0404 0204 0303 0202 0101 0104 0101 0303 0204 0202 0404 0101 0101 0202 0101 0204 0303 0404 0404 0101 0303 0202 0404 0103 0204 0202 0101 0202 0202 0404 0404 0101 0203 0202 0404 0202 0103 0204 0202 0202 0101 0303 0404 0204 0303 0404 0404 0204 0101 0303 0303 0101 0202 0303 0202 0202 0101 0202 0404 0101 0303 0202 0404 0103 0202 0404 0202 0101 0202 0103 0204 0204 0404 0303 0404 0303 0202 0404 0101 0101 0101 0103 0303 0101 0202 0404 0404 0303 0404 0103 0404 0404 0303 0101 0101 0404 0101 0202 0303
sca , 0101 0303 0202 0303 0202 0101 0404 0101 0101 0404 0202 0202 0101 0101 0202 0101 0404 0303 0404 0404 0103 0303 0404 0404 0303 0404 0202 0101 0202 0202 0404 0404 0101 0202 0202 0303 0202 0101 0204 0202 0202 0101 0303 0404 0202 0303 0404 0404 0404 0103 0303 0303 0103 0202 0303 0202 0202 0104 0202 0404 0101 0303 0203 0404 0103 0202 0404 0202 0101 0204 0303 0202 0202 0404 0303 0104 0303 0204 0404 0101 0101 0101 0103 0304 0101 0202 0204 0404 0304 0404 0303 0404 0404 0303 0101 0101 0404 0101 0202 0103
sca , 0103 0404 0202 0303 0202 0101 0104 0101 0103 0204 0202 0404 0101 0101 0202 0102 0202 0303 0404 0404 0103 0303 0202 0404 0103 0204 0202 0101 0202 0202 0404 0404 0101 0303 0202 0404 0202 0103 0202 0202 0202 0101 0303 0204 0202 0303 0404 0404 0202 0103 0303 0303 0103 0202 0303 0202 0202 0104 0202 0404 0101 0303 0202 0404 0303 0202 0404 0204 0101 0204 0303 0404 0202 0404 0303 0104 0303 0202 0404 0103 0101 0101 0103 0303 0101 0202 0404 0404 0303 0404 0303 0404 0404 0303 0101 0101 0404 0101 0202 0103
sca , 0101 0404 0204 0303 0202 0101 0104 0101 0101 0204 0202 0204 0101 0101 0202 0102 0204 0303 0404 0404 0303 0303 0202 0404 0101 0202 0202 0103 0202 0202 0404 0204 0101 0203 0202 0304 0202 0101 0202 0202 0202 0101 0303 0204 0202 0303 0404 0404 0202 0103 0303 0303 0103 0204 0303 0202 0202 0101 0202 0404 0101 0303 0202 0404 0103 0202 0404 0204 0101 0202 0303 0204 0202 0404 0303 0104 0303 0202 0404 0101 0101 0101 0101 0304 0101 0202 0404 0404 0303 0404 0103 0404 0404 0303 0101 0101 0404 0101 0202 0303
sca , 0101 0303 0204 0303 0202 0101 0404 0101 0303 0204 0202 0204 0101 0101 0202 0101 0204 0203 0202 0404 0103 0303 0404 0404 0103 0404 0202 0303 0202 0102 0404 0404 0101 0202 0202 0404 0202 0103 0202 0202 0202 0101 0303 0404 0202 0103 0404 0404 0204 0103 0303 0303 0103 0202 0303 0202 0204 0404 0202 0404 0103 0303 0202 0404 0103 0202 0404 0204 0101 0404 0103 0202 0202 0404 0303 0404 0303 0202 0304 0303 0101 0101 0101 0303 0101 0202 0404 0404 0303 0404 0303 0204 0204 0303 0101 0101 0404 0101 0202 0303
sca , 0303 0404 0202 0303 0202 0101 0104 0101 0101 0202 0202 0204 0101 0101 0202 0102 0204 0303 0404 0404 0101 0303 0204 0404 0103 0204 0202 0103 0202 0202 0404 0404 0101 0202 0202 0404 0202 0101 0204 0202 0202 0101 0303 0204 0202 0303 0404 0404 0204 0103 0303 0303 0303 0204 0303 0202 0202 0101 0202 0404 0101 0303 0202 0404 0103 0202 0404 0204 0101 0404 0101 0204 0202 0404 0303 0404 0303 0202 0404 0103 0101 0101 0101 0303 0101 0202 0204 0404 0303 0404 0103 0204 0404 0303 0101 0101 0404 0101 0202 0303
sca , 0103 0303 0202 0303 0202 0101 0101 0101 0103 0202 0202 0404 0101 0101 0202 0102 0202 0203 0404 0404 0103 0303 0204 0404 0303 0202 0202 0103 0202 0202 0404 0404 0101 0303 0202 0404 0202 0303 0202 0202 0204 0101 0303 0204 0202 0303 0404 0404 0202 0103 0103 0303 0303 0202 0303 0202 0204 0101 0202 0404 0103 0303 0202 0404 0103 0202 0404 0204 0101 0204 0303 0202 0202 0404 0303 0104 0303 0202 0404 0101 0101 0101 0101 0303 0101 0202 0204 0404 0303 0404 0103 0404 0404 0303 0101 0101 0404 0101 0202 0103
sca , 0303 0303 0202 0303 0202 0101 0104 0101 0103 0204 0202 0404 0101 0101 0202 0102 0404 0202 0204 0404 0103 0303 0202 0404 0103 0202 0202 0303 0202 0202 0404 0404 0101 0303 0202 0304 0202 0101 0202 0202 0204 0101 0303 0404 0204 0303 0404 0404 0204 0103 0103 0303 0103 0202 0303 0202 0404 0404 0202 0404 0101 0303 0202 0404 0103 0202 0404 0204 0101 0202 0303 0204 0202 0404 0303 0101 0303 0202 0404 0101 0101 0101 0101 0303 0101 0202 0404 0404 0303 0204 0103 0204 0404 0303 0101 0101 0404 0101 0202 0103
sca , 0103 0404 0204 0303 0202 0101 0101 0101 0101 0202 0202 0404 0101 0101 0202 0101 0204 0203 0404 0404 0303 0303 0204 0404 0101 0204 0202 0303 0202 0202 0404 0204 0101 0203 0202 0303 0202 0101 0404 0202 0202 0101 0303 0404 0202 0103 0404 0404 0204 0303 0303 0303 0103 0204 0303 0202 0202 0101 0202 0404 0103 0303 0202 0404 0103 0202 0404 0202 0101 0404 0103 0404 0202 0404 0303 0104 0303 0202 0404 0303 0101 0101 0101 0303 0101 0202 0404 0404 0303 0204 0103 0404 0404 0303 0101 0101 0404 0101 0202 0103
sca , 0101 0304 0202 0303 0202 0101 0404 0101 0101 0204 0202 0204 0101 0101 0202 0101 0202 0303 0404 0404 0101 0303 0204 0404 0101 0204 0202 0103 0202 0102 0404 0404 0101 0202 0202 0304 0202 0103 0202 0202 0202 0101 0303 0404 0202 0303 0404 0404 0202 0103 0303 0303 0103 0404 0303 0202 0204 0101 0202 0404 0101 0303 0203 0404 0103 0202 0404 0404 0101 0404 0103 0204 0202 0404 0303 0104 0303 0202 0304 0103 0101 0101 0303 0303 0101 0202 0404 0404 0303 0204 0303 0404 0404 0303 0101 0102 0404 0101 0202 0303
sca , 0303 0404 0202 0303 0202 0101 0104 0101 0101 0204 0202 0202 0101 0101 0202 0101 0204 0203 0204 0404 0303 0303 0202 0404 0103 0202 0202 0303 0202 0202 0404 0404 0101 0203 0202 0303 0202 0101 0202 0202 0204 0101 0303 0204 0202 0103 0404 0404 0204 0303 0303 0303 0303 0202 0303 0202 0202 0404 0202 0404 0103 0303 0202 0404 0101 0202 0404 0202 0101 0202 0103 0404 0202 0404 0303 0104 0303 0204 0304 0303 0101 0101 0101 0303 0101 0202 0204 0404 0303 0404 0103 0204 0204 0303 0101 0101 0404 0101 0202 0103
sca , 0303 0303 0202 0303 0202 0101 0104 0101 0101 0204 0202 0204 0101 0101 0202 0102 0404 0303 0204 0404 0101 0303 0404 0404 0303 0202 0202 0303 0202 0202 0404 0404 0101 0303 0202 0404 0202 0103 0202 0202 0204 0101 0303 0404 0404 0103 0404 0404 0404 0303 0303 0303 0303 0202 0303 0202 0404 0101 0202 0404 0103 0303 0202 0404 0103 0202 0404 0202 0101 0202 0101 0204 0202 0404 0303 0104 0303 0202 0404 0103 0101 0101 0101 0303 0101 0202 0202 0404 0303 0404 0303 0204 0404 0303 0101 0101 0404 0101 0202 0303
sca , 0103 0304 0204 0303 0202 0101 0104 0101 0101 0204 0202 0404 0101 0101 0202 0101 0204 0303 0404 0404 0101 0303 0404 0404 0101 0204 0202 0303 0202 0102 0404 0404 0101 0203 0202 0304 0202 0103 0204 0202 0202 0101 0303 0404 0204 0303 0404 0404 0204 0303 0303 0303 0103 0202 0303 0202 0202 0404 0202 0404 0103 0303 0202 0404 0103 0202 0404 0204 0101 0202 0101 0204 0202 0404 0303 0404 0303 0202 0404 0101 0101 0101 0101 0303 0101 0202 0202 0404 0303 0204 0103 0204 0404 0303 0101 0101 0404 0101 0202 0303
sca , 0303 0304 0204 0303 0202 0101 0104 0101 0101 0202 0202 0202 0101 0101 0202 0102 0404 0303 0404 0404 0101 0303 0202 0404 0303 0202 0202 0101 0202 0202 0404 0404 0101 0303 0202 0404 0202 0103 0202 0202 0204 0101 0303 0202 0204 0303 0404 0404 0404 0303 0303 0303 0103 0202 0303 0202 0202 0104 0202 0404 0101 0303 0202 0404 0103 0202 0404 0204 0101 0202 0101 0204 0202 0404 0303 0101 0303 0202 0404 0101 0101 0101 0101 0303 0101 0202 0204 0404 0303 0204 0103 0204 0404 0303 0101 0101 0404 0101 0202 0103
sca , 0103 0404 0202 0303 0202 0101 0104 0101 0101 0204 0202 0202 0101 0101 0202 0101 0404 0203 0404 0404 0101 0303 0204 0404 0103 0202 0202 0103 0202 0202 0404 0404 0101 0203 0202 0304 0202 0101 0204 0202 0202 0101 0303 0202 0202 0101 0404 0404 0404 0303 0303 0303 0303 0202 0303 0202 0202 0104 0202 0404 0101 0303 0202 0404 0103 0202 0404 0204 0101 0202 0101 0204 0202 0404 0303 0404 0303 0202 0404 0303 0101 0101 0101 0303 0101 0202 0404 0404 0303 0404 0103 0404 0204 0303 0101 0101 0404 0101 0202 0103
sca , 0303 0303 0202 0303 0202 0101 0104 0101 0103 0202 0202 0204 0101 0101 0202 0101 0404 0203 0204 0404 0101 0303 0204 0404 0101 0204 0202 0303 0202 0202 0404 0404 0101 0303 0202 0304 0202 0101 0204 0202 0202 0101 0303 0404 0204 0303 0404 0404 0204 0103 0303 0303 0303 0204 0303 0202 0204 0104 0102 0404 0103 0303 0202 0404 0103 0202 0404 0204 0101 0202 0103 0204 0202 0404 0303 0104 0303 0202 0404 0101 0101 0101 0101 0303 0101 0202 0204 0404 0303 0204 0103 0204 0404 0303 0101 0101 0404 0101 0202 0303
sca , 0303 0304 0202 0303 0202 0101 0104 0101 0101 0204 0202 0202 0101 0101 0202 0102 0404 0203 0204 0404 0101 0303 0204 0404 0103 0204 0202 0101 0202 0102 0404 0404 0101 0303 0202 0304 0202 0101 0202 0202 0204 0101 0303 0404 0204 0103 0404 0404 0204 0303 0303 0303 0103 0202 0303 0202 0202 0101 0202 0404 0101 0303 0202 0404 0101 0202 0404 0204 0101 0204 0303 0204 0202 0404 0303 0104 0303 0202 0404 0101 0101 0101 0103 0303 0101 0202 0404 0404 0303 0204 0303 0404 0404 0303 0101 0101 0404 0101 0202 0303
sca , 0103 0304 0202 0303 0202 0101 0404 0101 0101 0204 0202 0404 0101 0101 0202 0102 0404 0303 0204 0404 0103 0303 0202 0404 0303 0202 0202 0103 0202 0202 0404 0404 0101 0303 0202 0304 0202 0101 0202 0202 0202 0101 0303 0204 0204 0303 0404 0404 0204 0103 0303 0303 0101 0204 0303 0202 0202 0104 0202 0404 0101 0303 0203 0404 0103 0202 0404 0204 0101 0204 0103 0204 0202 0404 0303 0104 0303 0202 0404 0103 0101 0101 0303 0303 0101 0202 0204 0404 0303 0204 0303 0204 0404 0303 0101 0101 0404 0101 0202 0103
sca , 0103 0304 0204 0303 0202 0101 0104 0101 0101 0404 0202 0204 0101 0101 0202 0101 0404 0303 0404 0404 0103 0303 0204 0404 0303 0204 0202 0303 0202 0102 0404 0204 0101 0202 0202 0404 0202 0101 0202 0202 0202 0101 0303 0204 0202 0103 0404 0404 0404 0303 0303 0303 0303 0202 0303 0202 0204 0104 0202 0404 0101 0303 0303 0404 0101 0202 0404 0202 0101 0404 0103 0204 0204 0404 0303 0404 0303 0204 0404 0101 0101 0101 0101 0303 0101 0202 0404 0404 0304 0404 0303 0204 0404 0303 0101 0101 0404 0101 0202 0103
sca , 0101 0304 0204 0303 0202 0101 0404 0101 0101 0202 0202 0202 0101 0101 0202 0101 0404 0303 0404 0404 0101 0303 0202 0404 0103 0202 0202 0303 0202 0102 0404 0404 0101 0203 0202 0304 0202 0101 0404 0202 0204 0101 0303 0404 0202 0303 0404 0404 0404 0101 0303 0303 0101 0404 0303 0202 0204 0404 0202 0404 0101 0303 0303 0404 0303 0202 0404 0204 0101 0202 0103 0202 0202 0404 0303 0101 0303 0204 0404 0101 0101 0101 0103 0303 0101 0202 0404 0404 0303 0204 0303 0404 0404 0303 0101 0102 0404 0101 0202 0303
sca , 0303 0303 0204 0303 0202 0101 0104 0101 0101 0202 0202 0204 0101 0101 0202 0101 0404 0303 0204 0404 0101 0303 0202 0404 0103 0202 0202 0103 0202 0202 0404 0404 0101 0303 0202 0304 0202 0103 0202 0202 0204 0101 0303 0204 0202 0303 0404 0404 0404 0103 0303 0303 0103 0204 0303 0202 0202 0404 0202 0404 0101 0303 0202 0404 0103 0202 0404 0202 0101 0202 0101 0404 0202 0404 0303 0104 0303 0204 0404 0103 0101 0101 0101 0303 0101 0202 0202 0404 0303 0202 0103 0204 0404 0303 0101 0101 0404 0101 0202 0103
sca , 0303 0304 0202 0303 0202 0101 0101 0101 0103 0204 0202 0204 0101 0101 0202 0101 0202 0203 0404 0404 0103 0303 0202 0404 0103 0202 0202 0303 0202 0102 0404 0404 0101 0303 0202 0404 0202 0101 0202 0202 0204 0101 0303 0204 0204 0303 0404 0404 0202 0303 0303 0303 0103 0202 0303 0202 0204 0104 0202 0404 0101 0303 0202 0404 0103 0202 0404 0202 0101 0202 0101 0202 0202 0404 0303 0101 0303 0204 0404 0103 0101 0101 0101 0303 0101 0202 0204 0404 0303 0204 0101 0204 0404 0303 0101 0101 0404 0101 0202 0103
sca , 0103 0303 0404 0303 0202 0101 0101 0101 0101 0202 0202 0404 0101 0101 0202 0101 0204 0303 0404 0404 0101 0303 0202 0404 0303 0204 0202 0103 0202 0202 0404 0404 0101 0202 0202 0404 0202 0101 0202 0202 0202 0101 0303 0204 0202 0303 0404 0404 0204 0103 0303 0303 0103 0202 0303 0202 0404 0404 0202 0404 0101 0303 0202 0404 0103 0202 0404 0202 0101 0404 0101 0204 0202 0404 0303 0101 0303 0202 0404 0303 0101 0101 0101 0303 0101 0202 0204 0404 0303 0404 0303 0202 0404 0303 0101 0101 0404 0101 0202 0103
sca , 0103 0303 0202 0303 0202 0101 0104 0101 0101 0202 0202 0204 0101 0101 0202 0101 0204 0203 0404 0404 0101 0303 0202 0404 0303 0204 0202 0101 0202 0102 0404 0204 0101 0203 0202 0404 0202 0101 0202 0202 0204 0101 0303 0204 0202 0303 0404 0404 0204 0103 0303 0303 0103 0204 0303 0202 0202 0104 0202 0404 0101 0303 0202 0404 0103 0202 0404 0202 0101 0202 0101 0204 0202 0404 0303 0104 0303 0202 0404 0103 0101 0101 0101 0304 0101 0202 0204 0404 0303 0204 0103 0204 0204 0303 0101 0101 0404 0101 0202 0303
sca , 0103 0304 0202 0303 0202 0101 0104 0101 0101 0204 0202 0404 0101 0101 0202 0101 0404 0203 0202 0404 0103 0303 0202 0404 0303 0202 0202 0103 0202 0202 0404 0404 0101 0303 0202 0303 0202 0303 0202 0202 0204 0101 0303 0404 0202 0103 0404 0404 0404 0103 0303 0303 0303 0202 0303 0202 0204 0101 0202 0404 0101 0303 0202 0404 0103 0202 0404 0202 0101 0202 0303 0202 0202 0404 0303 0101 0303 0204 0404 0103 0101 0101 0101 0303 0101 0202 0404 0404 0303 0404 0103 0204 0404 0303 0101 0101 0404 0101 0202 0103
