SCI ISLAND
1
2
3
4
5
6
7
8
9
10
11
12
13
14
15
16
17
18
19
20
21
22
23
24
25
26
27
28
29
30
31
32
33
34
35
36
37
38
39
40
41
42
43
44
45
46
47
48
49
50
Pop
sci , 0202 0303 0103 0202 0101 0202 0404 0202 0101 0404 0202 0303 0202 0101 0303 0202 0303 0404 0404 0303 0404 0202 0303 0404 0101 0303 0101 0202 0202 0202 0202 0303 0303 0202 0303 0202 0303 0404 0101 0101 0404 0303 0202 0202 0103 0404 0303 0303 0101 0303
sci , 0202 0303 0303 0202 0103 0202 0404 0202 0101 0404 0202 0303 0202 0101 0304 0202 0303 0404 0404 0303 0404 0202 0303 0404 0101 0303 0101 0202 0202 0202 0202 0303 0303 0202 0303 0202 0303 0404 0101 0101 0404 0103 0404 0202 0303 0404 0303 0303 0101 0303
sci , 0202 0303 0101 0202 0303 0202 0404 0202 0101 0404 0202 0303 0202 0101 0404 0202 0303 0304 0404 0303 0404 0202 0303 0404 0101 0303 0101 0202 0202 0202 0202 0303 0303 0202 0303 0202 0303 0404 0101 0101 0404 0103 0404 0202 0103 0404 0303 0303 0101 0303
sci , 0202 0303 0303 0202 0101 0202 0404 0202 0101 0404 0202 0303 0202 0101 0304 0202 0303 0304 0404 0303 0404 0202 0303 0404 0101 0303 0101 0202 0202 0202 0202 0303 0303 0202 0303 0202 0303 0404 0101 0101 0404 0101 0404 0202 0103 0404 0303 0303 0101 0303
sci , 0202 0303 0101 0202 0103 0202 0404 0202 0101 0404 0202 0303 0202 0101 0304 0202 0303 0404 0404 0303 0204 0202 0303 0404 0101 0303 0101 0202 0202 0202 0202 0303 0303 0202 0303 0202 0303 0404 0101 0101 0404 0303 0202 0202 0303 0404 0303 0303 0101 0303
sci , 0202 0303 0101 0202 0103 0202 0204 0202 0101 0404 0202 0303 0202 0101 0404 0202 0303 0404 0404 0303 0404 0203 0303 0404 0101 0303 0101 0202 0202 0202 0202 0303 0303 0202 0303 0202 0303 0404 0101 0101 0404 0103 0202 0202 0101 0404 0303 0303 0101 0303
sci , 0202 0303 0103 0202 0103 0101 0404 0202 0101 0404 0202 0303 0202 0101 0303 0202 0303 0404 0404 0303 0404 0202 0303 0404 0101 0303 0101 0202 0202 0202 0202 0303 0303 0202 0303 0202 0303 0404 0101 0101 0404 0103 0202 0202 0103 0404 0303 0303 0101 0303
sci , 0202 0303 0303 0202 0303 0202 0404 0202 0101 0404 0202 0303 0202 0101 0404 0202 0303 0404 0404 0303 0204 0202 0303 0404 0101 0303 0101 0202 0202 0202 0202 0303 0303 0202 0303 0202 0303 0204 0101 0101 0404 0103 0204 0202 0103 0404 0303 0303 0101 0303
sci , 0202 0303 0101 0202 0303 0202 0404 0202 0101 0404 0202 0303 0202 0101 0404 0202 0303 0304 0404 0303 0404 0202 0303 0404 0101 0303 0101 0202 0202 0202 0202 0303 0303 0202 0303 0202 0303 0404 0101 0101 0404 0103 0204 0202 0103 0404 0303 0303 0101 0303
sci , 0202 0303 0303 0202 0303 0202 0404 0202 0101 0404 0202 0303 0202 0101 0404 0202 0303 0304 0404 0303 0204 0202 0303 0404 0101 0303 0101 0202 0202 0202 0202 0303 0303 0202 0303 0202 0303 0404 0101 0101 0404 0103 0204 0202 0103 0404 0303 0303 0101 0303
sci , 0202 0303 0103 0202 0303 0202 0404 0202 0101 0404 0202 0303 0202 0101 0404 0202 0303 0304 0404 0303 0204 0202 0303 0404 0101 0303 0101 0202 0202 0202 0202 0303 0303 0202 0303 0202 0303 0204 0101 0101 0404 0303 0204 0202 0103 0404 0303 0303 0101 0303
sci , 0202 0303 0103 0202 0303 0202 0204 0202 0101 0404 0202 0303 0202 0101 0304 0202 0303 0304 0404 0303 0404 0202 0303 0404 0101 0303 0101 0202 0202 0202 0202 0303 0303 0202 0303 0202 0303 0404 0101 0101 0404 0101 0204 0202 0303 0404 0303 0303 0101 0303
sci , 0202 0303 0103 0202 0103 0202 0404 0202 0101 0404 0202 0303 0202 0101 0304 0202 0303 0304 0404 0303 0404 0202 0303 0404 0101 0303 0101 0202 0202 0202 0202 0303 0303 0202 0303 0202 0303 0404 0101 0101 0404 0303 0204 0202 0101 0404 0303 0303 0101 0303
sci , 0202 0303 0103 0202 0103 0202 0404 0202 0101 0404 0202 0303 0202 0101 0303 0202 0303 0304 0404 0303 0404 0202 0303 0404 0101 0303 0101 0202 0202 0202 0202 0303 0303 0202 0303 0202 0303 0404 0101 0101 0404 0103 0204 0202 0303 0404 0303 0303 0101 0303
sci , 0202 0303 0101 0202 0303 0202 0404 0202 0101 0404 0202 0303 0202 0101 0404 0202 0303 0404 0404 0303 0204 0202 0303 0404 0101 0303 0101 0202 0202 0202 0202 0303 0303 0202 0303 0202 0303 0404 0101 0101 0404 0103 0202 0202 0103 0404 0303 0303 0101 0303
sci , 0202 0303 0101 0202 0303 0202 0404 0202 0101 0404 0202 0303 0202 0101 0404 0202 0303 0304 0404 0303 0404 0202 0303 0404 0101 0303 0101 0202 0202 0202 0202 0303 0303 0202 0303 0202 0303 0404 0101 0101 0404 0303 0204 0202 0103 0404 0303 0303 0101 0303
sci , 0202 0303 0103 0202 0101 0102 0404 0202 0101 0404 0202 0303 0202 0101 0303 0202 0303 0404 0404 0303 0204 0202 0303 0404 0101 0303 0101 0202 0202 0202 0202 0303 0303 0202 0303 0202 0303 0404 0101 0101 0404 0103 0202 0202 0103 0404 0303 0303 0101 0303
sci , 0202 0303 0303 0202 0103 0202 0404 0202 0101 0404 0202 0303 0202 0101 0304 0202 0303 0404 0404 0303 0404 0202 0303 0404 0101 0303 0101 0202 0202 0202 0202 0303 0303 0202 0303 0202 0303 0404 0101 0101 0404 0103 0404 0202 0303 0404 0303 0303 0101 0303
sci , 0202 0303 0103 0202 0303 0102 0404 0202 0101 0404 0202 0303 0202 0101 0304 0202 0303 0404 0404 0303 0404 0202 0303 0404 0101 0303 0101 0202 0202 0202 0202 0303 0303 0202 0303 0202 0303 0404 0101 0101 0404 0303 0202 0202 0303 0404 0303 0303 0101 0303
sci , 0202 0303 0103 0202 0303 0202 0404 0202 0101 0404 0202 0303 0202 0101 0404 0202 0303 0304 0404 0303 0404 0203 0303 0404 0101 0303 0101 0202 0202 0202 0202 0303 0303 0202 0303 0202 0303 0204 0101 0101 0404 0303 0204 0202 0303 0404 0303 0303 0101 0303
sci , 0202 0303 0101 0202 0103 0202 0404 0202 0101 0404 0202 0303 0202 0101 0304 0202 0303 0404 0404 0303 0404 0202 0303 0404 0101 0303 0101 0202 0202 0202 0202 0303 0303 0202 0303 0202 0303 0404 0101 0101 0404 0101 0404 0202 0103 0404 0303 0303 0101 0303
sci , 0202 0303 0101 0202 0303 0102 0204 0202 0101 0404 0202 0303 0202 0101 0304 0202 0303 0404 0404 0303 0404 0202 0303 0404 0101 0303 0101 0202 0202 0202 0202 0303 0303 0202 0303 0202 0303 0404 0101 0101 0404 0303 0204 0202 0103 0404 0303 0303 0101 0303
sci , 0202 0303 0103 0202 0103 0202 0404 0202 0101 0404 0202 0303 0202 0101 0404 0202 0303 0304 0404 0303 0404 0202 0303 0404 0101 0303 0101 0202 0202 0202 0202 0303 0303 0202 0303 0202 0303 0404 0101 0101 0404 0101 0404 0202 0103 0404 0303 0303 0101 0303
sci , 0202 0303 0101 0202 0303 0202 0404 0202 0101 0404 0202 0303 0202 0101 0404 0202 0303 0303 0404 0303 0404 0202 0303 0404 0101 0303 0101 0202 0202 0202 0202 0303 0303 0202 0303 0202 0303 0404 0101 0101 0404 0103 0204 0202 0101 0404 0303 0303 0101 0303
