SMI ISLAND
1
2
3
4
5
6
7
8
9
10
11
12
13
14
15
16
17
18
19
20
21
22
23
24
25
26
27
28
29
30
31
32
33
34
35
36
37
38
39
40
41
42
43
44
45
46
47
48
49
50
51
52
53
54
55
56
57
58
59
60
61
62
63
64
65
66
67
68
69
70
71
72
73
74
75
76
77
78
79
80
81
82
83
84
85
86
87
88
89
90
91
92
93
94
95
96
97
98
99
100
Pop
smi , 0202 0202 0202 0202 0404 0404 0101 0303 0303 0404 0303 0303 0303 0202 0101 0202 0202 0303 0101 0404 0101 0404 0303 0202 0101 0101 0202 0404 0202 0202 0101 0404 0101 0101 0404 0303 0303 0303 0101 0303 0101 0101 0101 0404 0303 0404 0303 0101 0202 0101 0202 0303 0303 0101 0202 0101 0303 0404 0202 0202 0202 0101 0101 0404 0101 0303 0404 0202 0404 0404 0202 0303 0303 0404 0202 0202 0303 0303 0404 0303 0202 0101 0202 0404 0404 0101 0202 0101 0303 0303 0101 0202 0101 0303 0303 0202 0101 0202 0303 0303
smi , 0202 0202 0202 0202 0404 0404 0101 0303 0303 0404 0303 0303 0303 0202 0101 0202 0202 0303 0101 0404 0101 0404 0303 0202 0101 0101 0202 0404 0202 0202 0101 0404 0101 0101 0404 0303 0303 0303 0103 0303 0101 0101 0101 0404 0303 0404 0303 0101 0202 0101 0202 0303 0303 0101 0202 0101 0303 0404 0202 0202 0202 0101 0101 0404 0101 0303 0404 0202 0404 0404 0202 0303 0303 0404 0202 0202 0303 0303 0404 0303 0202 0101 0202 0404 0404 0101 0202 0101 0303 0303 0101 0202 0303 0303 0303 0202 0101 0202 0303 0303
smi , 0202 0202 0202 0202 0404 0404 0101 0303 0303 0404 0303 0303 0303 0202 0101 0202 0202 0303 0101 0404 0101 0404 0303 0202 0101 0101 0202 0404 0202 0202 0101 0404 0101 0101 0404 0303 0303 0303 0101 0303 0101 0101 0101 0404 0303 0404 0303 0101 0202 0101 0202 0303 0303 0101 0202 0101 0303 0404 0202 0202 0202 0101 0101 0404 0101 0303 0404 0202 0404 0404 0202 0303 0303 0404 0202 0202 0303 0103 0404 0303 0202 0101 0202 0404 0404 0101 0202 0101 0303 0303 0101 0202 0103 0303 0303 0202 0101 0202 0303 0303
smi , 0202 0202 0202 0202 0404 0404 0101 0303 0303 0404 0303 0303 0303 0202 0101 0202 0202 0303 0101 0404 0101 0404 0303 0202 0101 0101 0202 0404 0202 0202 0101 0404 0101 0101 0404 0303 0303 0303 0101 0303 0101 0101 0101 0404 0303 0404 0303 0101 0202 0101 0202 0303 0303 0101 0202 0101 0303 0404 0202 0202 0202 0101 0101 0404 0101 0303 0404 0202 0404 0404 0202 0303 0303 0404 0202 0202 0303 0303 0404 0303 0202 0101 0202 0404 0404 0101 0202 0101 0303 0303 0101 0202 0103 0303 0303 0202 0101 0202 0303 0303
smi , 0202 0202 0202 0202 0404 0404 0101 0303 0303 0404 0303 0303 0303 0202 0101 0202 0202 0303 0101 0404 0101 0404 0303 0202 0101 0101 0202 0404 0202 0202 0101 0404 0101 0101 0404 0303 0303 0303 0303 0303 0101 0101 0101 0404 0303 0404 0303 0101 0202 0101 0202 0303 0303 0101 0202 0101 0303 0404 0202 0202 0202 0101 0101 0404 0101 0303 0404 0202 0404 0404 0202 0303 0303 0404 0202 0202 0303 0303 0404 0303 0202 0101 0202 0404 0404 0101 0202 0101 0303 0303 0103 0202 0303 0303 0303 0202 0101 0202 0303 0303
smi , 0202 0202 0202 0202 0404 0404 0101 0303 0303 0404 0303 0303 0303 0202 0101 0202 0202 0303 0101 0404 0101 0404 0303 0202 0101 0101 0202 0404 0202 0202 0101 0404 0101 0101 0404 0303 0303 0303 0101 0303 0101 0101 0101 0404 0303 0404 0303 0101 0202 0101 0202 0303 0303 0101 0202 0101 0303 0404 0202 0202 0202 0101 0101 0404 0101 0303 0404 0202 0404 0404 0202 0303 0303 0404 0202 0202 0303 0303 0404 0303 0202 0101 0202 0404 0404 0101 0202 0101 0303 0303 0103 0202 0103 0303 0303 0202 0101 0202 0303 0303
smi , 0202 0202 0202 0202 0404 0404 0101 0303 0303 0404 0303 0303 0303 0202 0101 0202 0202 0303 0101 0404 0101 0404 0303 0202 0101 0101 0202 0404 0202 0202 0101 0404 0101 0101 0404 0303 0303 0303 0101 0303 0101 0101 0101 0404 0303 0404 0303 0101 0202 0101 0202 0303 0303 0101 0202 0101 0303 0404 0202 0202 0202 0101 0101 0404 0101 0303 0404 0202 0404 0404 0202 0303 0303 0404 0202 0202 0303 0103 0404 0303 0202 0101 0202 0404 0404 0101 0202 0101 0303 0303 0101 0202 0103 0303 0303 0202 0101 0202 0303 0303
smi , 0202 0202 0202 0202 0404 0404 0101 0303 0303 0404 0303 0303 0303 0202 0101 0202 0202 0303 0101 0404 0101 0404 0303 0202 0101 0101 0202 0404 0202 0202 0101 0404 0101 0101 0404 0303 0303 0303 0101 0303 0101 0101 0101 0404 0303 0404 0303 0101 0202 0101 0202 0303 0303 0101 0202 0101 0303 0404 0202 0202 0202 0101 0101 0404 0101 0303 0404 0202 0404 0404 0202 0303 0303 0404 0202 0202 0303 0103 0404 0303 0202 0101 0202 0404 0404 0101 0202 0101 0303 0303 0101 0102 0103 0303 0303 0202 0101 0202 0303 0303
smi , 0202 0202 0202 0202 0404 0404 0101 0303 0303 0404 0303 0303 0303 0202 0101 0202 0202 0303 0101 0404 0101 0404 0303 0202 0101 0101 0202 0404 0202 0202 0101 0404 0101 0101 0404 0303 0303 0303 0101 0303 0101 0101 0101 0404 0303 0404 0303 0101 0202 0101 0202 0303 0303 0101 0202 0101 0303 0404 0202 0202 0202 0101 0101 0404 0101 0303 0404 0202 0404 0404 0202 0303 0303 0404 0202 0202 0303 0303 0404 0303 0202 0101 0202 0404 0404 0101 0202 0101 0303 0303 0101 0202 0103 0303 0303 0202 0101 0202 0303 0303
smi , 0202 0202 0202 0202 0404 0404 0101 0303 0303 0404 0303 0303 0303 0202 0101 0202 0202 0303 0101 0404 0101 0404 0303 0202 0101 0101 0202 0404 0202 0202 0101 0404 0101 0101 0404 0303 0303 0303 0101 0303 0101 0101 0101 0404 0303 0404 0303 0101 0202 0101 0202 0303 0303 0101 0202 0101 0303 0404 0202 0202 0202 0101 0101 0404 0101 0303 0404 0202 0404 0404 0202 0303 0303 0404 0202 0202 0303 0303 0404 0303 0202 0101 0202 0404 0404 0101 0202 0101 0303 0303 0101 0202 0103 0303 0303 0202 0101 0202 0303 0303
smi , 0202 0202 0202 0202 0404 0404 0101 0303 0303 0404 0303 0303 0303 0202 0101 0202 0202 0303 0101 0404 0101 0404 0303 0202 0101 0101 0202 0404 0202 0202 0101 0404 0101 0101 0404 0303 0303 0303 0101 0303 0101 0101 0101 0404 0303 0404 0303 0101 0202 0101 0202 0303 0303 0101 0202 0101 0303 0404 0202 0202 0202 0101 0101 0404 0101 0303 0404 0202 0404 0404 0202 0303 0303 0404 0202 0202 0303 0303 0404 0303 0202 0101 0202 0404 0404 0101 0202 0101 0303 0303 0101 0102 0103 0303 0303 0202 0101 0202 0303 0303
smi , 0202 0202 0202 0202 0404 0404 0101 0303 0303 0404 0303 0303 0303 0202 0101 0202 0202 0303 0101 0404 0101 0404 0303 0202 0101 0101 0202 0404 0202 0202 0101 0404 0101 0101 0404 0303 0303 0303 0101 0303 0101 0101 0101 0404 0303 0404 0303 0101 0202 0101 0202 0303 0303 0101 0202 0101 0303 0404 0202 0202 0202 0101 0101 0404 0101 0303 0404 0202 0404 0404 0202 0303 0303 0404 0202 0202 0303 0103 0404 0303 0202 0101 0202 0404 0404 0101 0202 0101 0303 0303 0101 0202 0103 0303 0303 0202 0101 0202 0303 0303
smi , 0202 0202 0202 0202 0404 0404 0101 0303 0303 0404 0303 0303 0303 0202 0101 0202 0202 0303 0101 0404 0101 0404 0303 0202 0101 0101 0202 0404 0202 0202 0101 0404 0101 0101 0404 0303 0303 0303 0103 0303 0101 0101 0101 0404 0303 0404 0303 0101 0202 0101 0202 0303 0303 0101 0202 0101 0303 0404 0202 0202 0202 0101 0101 0404 0101 0303 0404 0202 0404 0404 0202 0303 0303 0404 0202 0202 0303 0303 0404 0303 0202 0101 0202 0404 0404 0101 0202 0101 0303 0303 0101 0102 0103 0303 0303 0202 0101 0202 0303 0303
smi , 0202 0202 0202 0202 0404 0404 0101 0303 0303 0404 0303 0303 0303 0202 0101 0202 0202 0303 0101 0404 0101 0404 0303 0202 0101 0101 0202 0404 0202 0202 0101 0404 0101 0101 0404 0303 0303 0303 0101 0303 0101 0101 0101 0404 0303 0404 0303 0101 0202 0101 0202 0303 0303 0101 0202 0101 0303 0404 0202 0202 0202 0101 0101 0404 0101 0303 0404 0202 0404 0404 0202 0303 0303 0404 0202 0202 0303 0303 0404 0303 0202 0101 0202 0404 0404 0101 0202 0101 0303 0303 0103 0102 0103 0303 0303 0202 0101 0202 0303 0303
smi , 0202 0202 0202 0202 0404 0404 0101 0303 0303 0404 0303 0303 0303 0202 0101 0202 0202 0303 0101 0404 0101 0404 0303 0202 0101 0101 0202 0404 0202 0202 0101 0404 0101 0101 0404 0303 0303 0303 0303 0303 0101 0101 0101 0404 0303 0404 0303 0101 0202 0101 0202 0303 0303 0101 0202 0101 0303 0404 0202 0202 0202 0101 0101 0404 0101 0303 0404 0202 0404 0404 0204 0303 0303 0404 0202 0202 0303 0303 0404 0303 0202 0101 0202 0404 0404 0101 0202 0101 0303 0303 0103 0202 0303 0303 0303 0202 0101 0202 0303 0303
smi , 0202 0202 0202 0202 0404 0404 0101 0303 0303 0404 0303 0303 0303 0202 0101 0202 0202 0303 0101 0404 0101 0404 0303 0202 0101 0101 0202 0404 0202 0202 0101 0404 0101 0101 0404 0303 0303 0303 0303 0303 0101 0101 0101 0404 0303 0404 0303 0101 0202 0101 0202 0303 0303 0101 0202 0101 0303 0404 0202 0202 0202 0101 0101 0404 0101 0303 0404 0202 0404 0404 0202 0303 0303 0404 0202 0202 0303 0303 0404 0303 0202 0101 0202 0404 0404 0101 0202 0101 0303 0303 0101 0102 0101 0303 0303 0202 0101 0202 0303 0303
smi , 0202 0202 0202 0202 0404 0404 0101 0303 0303 0404 0303 0303 0303 0202 0101 0202 0202 0303 0101 0404 0101 0404 0303 0202 0101 0101 0202 0404 0202 0202 0101 0404 0101 0101 0404 0303 0303 0303 0101 0303 0101 0101 0101 0404 0303 0404 0303 0101 0202 0101 0202 0303 0303 0101 0202 0101 0303 0404 0202 0202 0202 0101 0101 0404 0101 0303 0404 0202 0404 0404 0202 0303 0303 0404 0202 0202 0303 0303 0404 0303 0202 0101 0202 0404 0404 0101 0202 0101 0303 0303 0101 0202 0101 0303 0303 0202 0101 0202 0303 0303
smi , 0202 0202 0202 0202 0404 0404 0101 0303 0303 0404 0303 0303 0303 0202 0101 0202 0202 0303 0101 0404 0101 0404 0303 0202 0101 0101 0202 0404 0202 0202 0101 0404 0101 0101 0404 0303 0303 0303 0103 0303 0101 0101 0101 0404 0303 0404 0303 0101 0202 0101 0202 0303 0303 0101 0202 0101 0303 0404 0202 0202 0202 0101 0101 0404 0101 0303 0404 0202 0404 0404 0202 0303 0303 0404 0202 0202 0303 0303 0404 0303 0202 0101 0202 0404 0404 0101 0202 0101 0303 0303 0101 0102 0103 0303 0303 0202 0101 0202 0303 0303
smi , 0202 0202 0202 0202 0404 0404 0101 0303 0303 0404 0303 0303 0303 0202 0101 0202 0202 0303 0101 0404 0101 0404 0303 0202 0101 0101 0202 0404 0202 0202 0101 0404 0101 0101 0404 0303 0303 0303 0103 0303 0101 0101 0101 0404 0303 0404 0303 0101 0202 0101 0202 0303 0303 0101 0202 0101 0303 0404 0202 0202 0202 0101 0101 0404 0101 0303 0404 0202 0404 0404 0202 0303 0303 0404 0202 0202 0303 0303 0404 0303 0202 0101 0202 0404 0404 0101 0202 0101 0303 0303 0101 0202 0103 0303 0303 0202 0101 0202 0303 0303
smi , 0202 0202 0202 0202 0404 0404 0101 0303 0303 0404 0303 0303 0303 0202 0101 0202 0202 0303 0101 0404 0101 0404 0303 0202 0101 0101 0202 0404 0202 0202 0101 0404 0101 0101 0404 0303 0303 0303 0101 0303 0101 0101 0101 0404 0303 0404 0303 0101 0202 0101 0202 0303 0303 0101 0202 0101 0303 0404 0202 0202 0202 0101 0101 0404 0101 0303 0404 0202 0404 0404 0202 0303 0303 0404 0202 0202 0303 0103 0404 0303 0202 0101 0202 0404 0404 0101 0202 0101 0303 0303 0101 0102 0103 0303 0303 0202 0101 0202 0303 0303
smi , 0202 0202 0202 0202 0404 0404 0101 0303 0303 0404 0303 0303 0303 0202 0101 0202 0202 0303 0101 0404 0101 0404 0303 0202 0101 0101 0202 0404 0202 0202 0101 0404 0101 0101 0404 0303 0303 0303 0103 0303 0101 0101 0101 0404 0303 0404 0303 0101 0202 0101 0202 0303 0303 0101 0202 0101 0303 0404 0202 0202 0202 0101 0101 0404 0101 0303 0404 0202 0404 0404 0202 0303 0303 0404 0202 0202 0303 0303 0404 0303 0202 0101 0202 0404 0404 0101 0202 0101 0303 0303 0101 0202 0103 0303 0303 0202 0101 0202 0303 0303
