206.504854	0.10392715280579308	23.1	5.211111111111111	0.005105917760716894	0.23916666666666664
206.504854	0.10392715280579308	23.1	5.211111111111111	0.005105917760716894	0.23916666666666664
206.504854	0.10392715280579308	23.1	5.211111111111111	0.005105917760716894	0.23916666666666664
206.504854	0.10392715280579308	23.1	5.211111111111111	0.005105917760716894	0.23916666666666664
206.504854	0.10392715280579308	23.1	5.211111111111111	0.005105917760716894	0.23916666666666664
206.504854	0.10392715280579308	23.1	5.211111111111111	0.005105917760716894	0.23916666666666664
206.504854	0.10392715280579308	23.1	5.211111111111111	0.005105917760716894	0.23916666666666664
206.504854	0.10392715280579308	23.1	5.211111111111111	0.005105917760716894	0.23916666666666664
206.504854	0.10392715280579308	23.1	5.211111111111111	0.005105917760716894	0.23916666666666664
206.504854	0.10392715280579308	23.1	5.211111111111111	0.005105917760716894	0.23916666666666664
