Auto-generated genotype output.
1
2
3
4
5
6
7
8
9
10
11
12
13
14
15
16
17
18
19
20
21
22
23
24
25
26
27
28
29
30
31
32
33
34
35
36
37
38
39
40
41
42
43
44
45
46
47
48
49
50
51
52
53
54
55
56
57
58
59
60
61
62
63
64
65
66
67
68
69
70
71
72
73
74
75
76
77
78
79
80
81
82
83
84
85
86
87
88
89
90
91
92
93
94
95
96
97
98
99
100
101
102
103
104
105
106
107
108
109
110
111
112
113
114
115
116
117
118
119
120
121
122
123
124
125
126
127
128
129
130
131
132
133
134
135
136
137
138
139
140
141
142
143
144
145
146
147
148
149
150
151
152
153
154
155
156
157
158
159
160
161
162
163
164
165
166
167
168
169
170
171
172
173
174
175
176
177
178
179
180
181
182
183
184
185
186
187
188
189
190
191
192
193
194
195
196
197
198
199
200
201
202
203
204
205
206
207
208
209
210
211
212
213
214
215
216
217
218
219
220
221
222
223
224
225
226
227
228
229
230
231
232
233
234
235
236
237
238
239
240
241
242
243
244
245
246
247
248
249
250
251
252
253
254
255
256
257
258
259
260
261
262
263
264
265
266
267
268
269
270
271
272
273
274
275
276
277
278
279
280
281
282
283
284
285
286
287
288
289
290
291
292
293
294
295
296
297
298
299
300
Pop
1 , 0404 0104 0303 0304 0303 0203 0101 0303 0404 0302 0101 0303 0101 0101 0203 0202 0102 0201 0101 0302 0404 0404 0202 0202 0203 0304 0102 0101 0102 0101 0303 0304 0202 0303 0303 0203 0101 0402 0202 0303 0202 0404 0101 0404 0101 0303 0201 0102 0302 0202 0202 0101 0404 0202 0101 0302 0302 0302 0404 0303 0303 0301 0404 0303 0401 0101 0201 0101 0204 0204 0101 0404 0404 0404 0301 0201 0401 0303 0303 0102 0303 0303 0403 0304 0101 0401 0303 0404 0101 0303 0202 0404 0303 0403 0404 0101 0404 0104 0202 0303 0204 0303 0202 0404 0201 0101 0303 0101 0101 0202 0404 0101 0303 0202 0303 0303 0101 0404 0401 0402 0102 0101 0404 0202 0202 0404 0401 0404 0101 0101 0101 0101 0202 0303 0101 0403 0101 0404 0101 0104 0102 0101 0103 0104 0303 0202 0202 0203 0201 0402 0303 0301 0202 0101 0302 0101 0303 0204 0404 0302 0202 0101 0101 0201 0303 0101 0303 0101 0101 0202 0303 0201 0303 0103 0404 0203 0404 0404 0304 0101 0404 0103 0404 0202 0101 0101 0202 0101 0401 0304 0101 0101 0103 0101 0301 0303 0101 0302 0101 0404 0404 0202 0404 0404 0103 0101 0101 0102 0202 0404 0404 0101 0401 0202 0303 0201 0303 0304 0404 0404 0101 0204 0303 0303 0202 0304 0303 0202 0404 0101 0404 0202 0404 0202 0101 0303 0204 0301 0401 0402 0404 0202 0301 0303 0301 0303 0101 0401 0304 0404 0303 0303 0403 0202 0404 0304 0403 0303 0102 0403 0303 0302 0101 0404 0302 0303 0202 0101 0404 0101 0101 0404 0202 0401 0204 0404 0404 0401 0402 0302 0304 0101 0202 0303 0204 0101 0101 0201 0403 0202 0101 0303 0404 0404 0202 0203 0202 0304 0202 0303 
2 , 0404 0401 0303 0303 0303 0303 0103 0203 0404 0303 0101 0403 0101 0101 0202 0202 0201 0201 0301 0202 0404 0101 0202 0202 0202 0304 0202 0101 0102 0101 0303 0404 0204 0303 0301 0302 0103 0202 0402 0303 0202 0404 0301 0404 0101 0301 0101 0101 0302 0202 0202 0401 0304 0202 0101 0202 0303 0202 0404 0303 0303 0301 0404 0303 0104 0101 0201 0301 0204 0404 0101 0104 0404 0402 0303 0102 0401 0303 0303 0101 0404 0302 0404 0404 0201 0101 0303 0404 0101 0303 0102 0404 0303 0404 0404 0201 0404 0101 0203 0303 0202 0303 0202 0404 0202 0101 0103 0401 0303 0102 0404 0101 0403 0202 0203 0303 0101 0402 0404 0404 0202 0102 0404 0101 0202 0404 0401 0404 0101 0401 0101 0101 0202 0303 0101 0404 0101 0202 0301 0101 0202 0104 0103 0404 0303 0302 0202 0203 0101 0202 0303 0303 0202 0101 0203 0301 0303 0202 0404 0202 0402 0202 0104 0202 0303 0101 0303 0101 0101 0202 0303 0101 0304 0303 0404 0303 0404 0404 0403 0101 0404 0101 0303 0202 0101 0101 0202 0101 0104 0404 0101 0101 0301 0101 0101 0303 0101 0202 0101 0404 0404 0201 0404 0404 0103 0101 0101 0102 0201 0404 0402 0401 0404 0202 0101 0201 0403 0404 0404 0204 0303 0402 0403 0303 0201 0304 0303 0101 0404 0101 0404 0202 0402 0202 0101 0101 0404 0303 0101 0202 0304 0402 0103 0103 0301 0303 0101 0104 0404 0401 0303 0303 0403 0202 0404 0304 0304 0303 0201 0304 0303 0303 0101 0404 0203 0303 0102 0102 0404 0201 0101 0404 0202 0401 0202 0402 0303 0404 0202 0202 0303 0101 0202 0303 0202 0101 0101 0102 0304 0202 0404 0302 0402 0403 0202 0202 0201 0403 0202 0303 
3 , 0404 0104 0303 0303 0303 0303 0101 0303 0404 0303 0101 0403 0101 0101 0202 0202 0102 0101 0101 0302 0403 0104 0202 0202 0203 0404 0202 0101 0101 0101 0101 0403 0402 0303 0303 0302 0101 0204 0202 0303 0202 0404 0101 0304 0101 0303 0202 0201 0303 0202 0202 0101 0403 0204 0103 0302 0202 0202 0404 0103 0103 0303 0404 0303 0401 0101 0201 0103 0404 0404 0104 0404 0401 0404 0103 0202 0401 0203 0203 0101 0303 0202 0303 0404 0201 0101 0303 0204 0101 0303 0202 0404 0304 0304 0104 0102 0101 0104 0203 0302 0202 0303 0202 0404 0202 0101 0301 0101 0101 0202 0404 0101 0403 0202 0302 0303 0101 0404 0404 0404 0101 0201 0404 0102 0202 0404 0404 0104 0201 0101 0301 0101 0202 0303 0101 0303 0101 0404 0101 0401 0202 0101 0303 0101 0404 0203 0202 0302 0101 0202 0303 0101 0201 0101 0303 0101 0301 0202 0404 0303 0404 0202 0104 0202 0203 0101 0403 0101 0101 0202 0303 0101 0304 0101 0403 0303 0104 0404 0403 0301 0404 0303 0303 0202 0101 0101 0202 0101 0104 0303 0101 0101 0103 0401 0101 0303 0301 0202 0103 0404 0404 0201 0204 0404 0303 0101 0301 0202 0202 0404 0404 0404 0404 0202 0303 0101 0403 0404 0404 0202 0303 0204 0303 0303 0202 0404 0403 0201 0404 0101 0404 0402 0404 0202 0101 0103 0402 0301 0104 0202 0404 0204 0303 0303 0301 0303 0101 0104 0404 0404 0303 0303 0304 0202 0404 0303 0304 0301 0101 0303 0303 0203 0101 0404 0203 0404 0202 0201 0404 0101 0404 0402 0202 0101 0202 0404 0304 0404 0402 0202 0304 0101 0202 0303 0202 0101 0101 0102 0404 0202 0404 0302 0202 0404 0102 0302 0102 0404 0202 0103 
4 , 0404 0101 0303 0303 0303 0303 0101 0303 0401 0303 0101 0303 0101 0101 0203 0202 0201 0101 0101 0203 0303 0404 0202 0202 0302 0404 0202 0101 0201 0103 0303 0403 0402 0303 0301 0303 0101 0202 0204 0303 0202 0204 0101 0403 0103 0103 0202 0202 0303 0202 0203 0401 0403 0202 0101 0303 0303 0202 0404 0303 0103 0103 0404 0303 0101 0101 0202 0101 0402 0404 0101 0104 0404 0404 0301 0202 0404 0303 0203 0101 0303 0203 0303 0404 0101 0104 0303 0404 0101 0302 0202 0404 0304 0303 0404 0202 0104 0101 0203 0302 0202 0303 0202 0404 0201 0104 0303 0101 0303 0201 0404 0102 0303 0202 0302 0202 0101 0204 0404 0404 0102 0101 0404 0201 0202 0404 0401 0404 0201 0101 0101 0101 0202 0203 0101 0404 0101 0404 0103 0404 0202 0404 0303 0101 0304 0202 0202 0203 0101 0202 0203 0101 0202 0102 0203 0101 0103 0202 0404 0203 0402 0101 0101 0202 0202 0101 0303 0101 0101 0202 0303 0101 0403 0301 0404 0303 0404 0404 0403 0101 0404 0103 0303 0202 0103 0101 0202 0101 0104 0403 0101 0102 0103 0101 0103 0403 0301 0302 0101 0404 0404 0202 0402 0404 0103 0101 0301 0202 0202 0404 0404 0104 0404 0202 0301 0102 0304 0304 0404 0202 0303 0404 0303 0303 0102 0304 0304 0201 0404 0104 0404 0204 0404 0202 0401 0303 0404 0303 0104 0202 0304 0404 0303 0301 0303 0303 0101 0101 0404 0104 0303 0303 0304 0202 0404 0403 0304 0301 0101 0303 0303 0202 0101 0404 0202 0403 0202 0202 0404 0101 0401 0404 0202 0104 0202 0204 0403 0401 0204 0202 0303 0101 0404 0303 0404 0101 0101 0102 0404 0202 0401 0303 0204 0404 0202 0202 0202 0404 0202 0303 
5 , 0404 0104 0303 0304 0303 0303 0101 0303 0404 0302 0101 0403 0101 0101 0203 0202 0201 0101 0101 0202 0404 0104 0202 0202 0203 0403 0202 0101 0101 0101 0303 0303 0202 0303 0301 0303 0101 0202 0204 0303 0202 0404 0101 0404 0301 0303 0202 0202 0302 0202 0202 0101 0304 0202 0101 0302 0203 0202 0404 0103 0303 0301 0404 0301 0401 0101 0201 0301 0204 0404 0101 0404 0404 0204 0103 0102 0101 0203 0303 0102 0403 0203 0403 0404 0201 0101 0303 0404 0101 0303 0202 0401 0303 0303 0404 0201 0404 0101 0202 0303 0404 0303 0202 0404 0202 0401 0103 0101 0103 0202 0404 0101 0303 0202 0303 0303 0101 0404 0401 0402 0202 0101 0404 0102 0202 0404 0404 0404 0101 0101 0101 0101 0202 0303 0101 0303 0101 0404 0101 0401 0202 0101 0303 0101 0303 0202 0202 0203 0101 0402 0303 0101 0202 0101 0302 0101 0303 0204 0404 0302 0202 0101 0101 0101 0303 0101 0303 0101 0101 0202 0303 0201 0303 0303 0304 0303 0404 0304 0404 0301 0404 0301 0304 0202 0101 0101 0202 0101 0401 0303 0101 0101 0301 0104 0101 0303 0101 0302 0101 0404 0404 0102 0404 0204 0303 0101 0101 0202 0202 0404 0404 0401 0401 0202 0303 0201 0403 0404 0404 0202 0303 0204 0303 0303 0102 0404 0303 0202 0204 0101 0404 0202 0404 0202 0101 0303 0402 0301 0401 0202 0404 0402 0103 0303 0303 0303 0301 0401 0404 0404 0303 0301 0403 0202 0104 0304 0304 0103 0102 0303 0303 0302 0101 0404 0203 0303 0202 0102 0404 0101 0101 0402 0202 0101 0202 0404 0304 0404 0402 0202 0404 0101 0202 0303 0204 0101 0101 0102 0403 0202 0401 0303 0404 0404 0202 0202 0201 0404 0202 0303 
6 , 0404 0404 0303 0303 0303 0303 0101 0303 0404 0202 0101 0304 0101 0101 0202 0202 0202 0101 0103 0203 0404 0104 0202 0202 0202 0404 0202 0101 0202 0101 0303 0304 0404 0304 0103 0202 0301 0202 0402 0403 0202 0404 0101 0404 0101 0303 0201 0102 0303 0202 0202 0101 0404 0404 0103 0203 0303 0202 0404 0301 0303 0101 0404 0303 0101 0101 0101 0303 0404 0404 0101 0404 0404 0404 0101 0202 0401 0303 0303 0101 0403 0202 0403 0404 0101 0104 0303 0202 0101 0302 0202 0401 0303 0303 0404 0201 0101 0401 0302 0302 0202 0303 0202 0404 0202 0101 0303 0101 0301 0202 0404 0101 0304 0202 0303 0303 0103 0404 0401 0204 0202 0101 0104 0102 0201 0404 0104 0404 0101 0401 0101 0101 0202 0303 0101 0304 0101 0402 0101 0101 0202 0404 0303 0101 0403 0303 0202 0202 0101 0204 0203 0301 0202 0201 0203 0101 0303 0202 0404 0203 0402 0102 0104 0102 0302 0101 0303 0101 0401 0202 0303 0101 0303 0303 0404 0303 0404 0304 0303 0101 0404 0101 0303 0202 0101 0101 0202 0101 0404 0303 0101 0201 0103 0101 0103 0303 0301 0202 0301 0404 0404 0201 0404 0402 0303 0103 0101 0202 0202 0404 0402 0101 0404 0202 0103 0102 0304 0404 0404 0404 0303 0404 0303 0303 0101 0304 0404 0101 0402 0401 0404 0402 0404 0202 0101 0103 0404 0103 0101 0202 0303 0202 0303 0303 0303 0303 0101 0401 0404 0404 0304 0301 0304 0202 0404 0303 0303 0103 0201 0303 0303 0202 0101 0404 0203 0303 0202 0202 0402 0101 0104 0404 0302 0404 0202 0204 0303 0104 0202 0202 0303 0101 0202 0303 0202 0101 0101 0202 0404 0202 0404 0303 0202 0404 0202 0202 0102 0404 0202 0303 
7 , 0404 0101 0301 0403 0202 0302 0101 0302 0401 0303 0101 0403 0101 0101 0202 0204 0202 0101 0301 0302 0404 0404 0202 0402 0203 0304 0202 0101 0101 0301 0303 0404 0204 0303 0101 0202 0101 0402 0402 0303 0202 0404 0101 0404 0101 0301 0202 0202 0303 0303 0202 0101 0304 0202 0101 0202 0202 0202 0404 0103 0303 0103 0404 0303 0101 0101 0202 0101 0202 0404 0101 0404 0404 0404 0303 0102 0104 0303 0302 0101 0303 0203 0303 0404 0101 0101 0303 0402 0101 0303 0201 0404 0303 0303 0401 0202 0401 0101 0202 0302 0402 0302 0202 0404 0202 0101 0303 0101 0301 0202 0404 0101 0303 0202 0302 0303 0101 0402 0404 0404 0202 0102 0404 0202 0202 0403 0404 0404 0101 0101 0101 0101 0202 0202 0101 0403 0101 0404 0101 0404 0202 0101 0303 0401 0304 0203 0202 0302 0101 0404 0203 0101 0202 0101 0303 0101 0303 0204 0404 0202 0202 0202 0101 0202 0303 0101 0403 0101 0101 0202 0302 0102 0303 0101 0404 0303 0404 0404 0404 0101 0404 0301 0303 0202 0101 0101 0202 0101 0101 0303 0101 0101 0303 0101 0101 0303 0101 0302 0101 0404 0403 0101 0404 0402 0303 0101 0101 0202 0202 0404 0404 0101 0101 0202 0101 0101 0303 0404 0404 0204 0301 0402 0303 0301 0202 0404 0303 0202 0404 0101 0404 0202 0404 0202 0101 0303 0404 0101 0101 0202 0303 0202 0103 0303 0303 0303 0101 0101 0404 0404 0403 0303 0303 0203 0404 0403 0303 0303 0201 0403 0303 0302 0101 0404 0203 0304 0202 0201 0404 0101 0401 0204 0202 0404 0402 0404 0303 0101 0202 0202 0404 0101 0204 0303 0402 0101 0101 0202 0404 0202 0104 0303 0404 0404 0202 0302 0202 0404 0202 0103 
8 , 0404 0401 0301 0303 0202 0303 0103 0302 0404 0302 0101 0303 0101 0101 0202 0402 0202 0201 0101 0303 0404 0404 0202 0202 0302 0404 0202 0103 0101 0101 0101 0404 0402 0303 0301 0202 0103 0202 0404 0303 0202 0404 0101 0403 0101 0301 0101 0101 0203 0202 0202 0104 0304 0202 0101 0302 0303 0202 0404 0303 0303 0303 0404 0303 0401 0101 0101 0101 0404 0404 0101 0404 0404 0404 0301 0202 0101 0303 0202 0102 0404 0303 0403 0404 0201 0104 0203 0202 0101 0303 0202 0104 0303 0403 0401 0201 0104 0104 0203 0202 0202 0303 0202 0404 0102 0101 0303 0401 0103 0101 0204 0101 0303 0202 0302 0203 0101 0404 0104 0404 0202 0201 0401 0102 0202 0404 0404 0404 0201 0101 0101 0101 0202 0303 0102 0403 0101 0404 0301 0101 0202 0401 0303 0401 0404 0302 0202 0302 0101 0202 0302 0301 0202 0101 0303 0101 0303 0202 0404 0302 0202 0201 0101 0102 0303 0101 0303 0101 0101 0202 0303 0101 0303 0101 0404 0303 0404 0403 0403 0101 0404 0103 0303 0102 0301 0101 0203 0101 0401 0303 0101 0101 0103 0101 0301 0303 0101 0302 0101 0304 0404 0102 0404 0204 0301 0101 0101 0202 0202 0404 0404 0404 0404 0201 0101 0201 0404 0404 0404 0402 0303 0404 0303 0101 0202 0304 0303 0201 0404 0101 0404 0202 0404 0202 0101 0103 0202 0103 0101 0202 0404 0202 0103 0301 0303 0303 0301 0104 0404 0404 0303 0101 0303 0202 0404 0304 0303 0303 0102 0304 0303 0303 0101 0404 0202 0303 0102 0101 0404 0101 0404 0404 0202 0401 0202 0404 0303 0104 0204 0202 0403 0101 0402 0303 0202 0101 0101 0202 0404 0202 0404 0303 0402 0404 0202 0202 0202 0304 0202 0301 
9 , 0404 0404 0303 0303 0203 0303 0101 0303 0404 0203 0101 0303 0101 0101 0202 0202 0202 0102 0101 0203 0404 0404 0202 0204 0202 0404 0202 0101 0101 0301 0303 0403 0404 0303 0303 0202 0101 0204 0402 0303 0203 0404 0101 0303 0101 0301 0202 0201 0203 0202 0202 0101 0304 0204 0301 0303 0303 0202 0404 0303 0303 0103 0404 0303 0404 0103 0101 0303 0404 0402 0101 0404 0104 0404 0301 0201 0101 0303 0203 0101 0303 0203 0404 0303 0202 0101 0303 0404 0101 0303 0102 0404 0303 0303 0104 0201 0101 0104 0202 0202 0202 0303 0202 0404 0201 0104 0303 0101 0101 0202 0404 0102 0303 0202 0203 0202 0101 0404 0404 0404 0102 0202 0404 0201 0202 0404 0404 0404 0101 0104 0101 0102 0202 0302 0101 0303 0101 0404 0101 0101 0202 0401 0103 0101 0303 0203 0202 0202 0101 0202 0303 0101 0202 0101 0303 0101 0303 0202 0404 0203 0202 0101 0104 0202 0203 0201 0304 0101 0101 0202 0303 0101 0303 0301 0403 0303 0404 0404 0304 0103 0404 0103 0303 0202 0101 0101 0202 0101 0401 0404 0101 0101 0101 0104 0101 0304 0103 0302 0101 0404 0304 0102 0404 0404 0303 0103 0101 0201 0202 0404 0404 0104 0404 0202 0303 0101 0403 0404 0204 0204 0303 0202 0303 0101 0102 0403 0303 0201 0404 0101 0303 0404 0404 0202 0101 0103 0402 0101 0101 0202 0404 0204 0303 0103 0303 0303 0101 0101 0404 0404 0303 0101 0303 0202 0401 0403 0303 0303 0102 0303 0303 0303 0101 0404 0202 0303 0202 0101 0404 0101 0404 0404 0202 0101 0204 0404 0304 0404 0204 0302 0404 0104 0404 0302 0402 0101 0101 0101 0404 0202 0104 0303 0202 0404 0202 0202 0202 0404 0202 0303 
10 , 0404 0404 0303 0303 0202 0303 0101 0303 0104 0203 0101 0303 0101 0101 0202 0202 0202 0202 0101 0202 0404 0401 0202 0202 0202 0404 0202 0101 0201 0101 0103 0404 0404 0304 0303 0203 0103 0402 0204 0303 0202 0402 0101 0304 0101 0301 0202 0101 0303 0202 0202 0401 0404 0204 0101 0303 0203 0202 0404 0303 0303 0103 0404 0303 0101 0101 0102 0301 0404 0204 0101 0404 0404 0404 0103 0102 0101 0303 0302 0201 0403 0203 0404 0404 0201 0404 0303 0404 0101 0303 0202 0101 0303 0303 0401 0202 0101 0101 0303 0302 0202 0303 0202 0404 0201 0101 0303 0101 0301 0202 0404 0101 0303 0202 0302 0303 0101 0404 0404 0404 0202 0201 0404 0102 0102 0404 0404 0404 0101 0101 0101 0102 0202 0303 0102 0403 0201 0204 0101 0101 0201 0404 0303 0101 0304 0202 0202 0302 0101 0202 0203 0101 0202 0101 0303 0101 0303 0202 0404 0203 0202 0102 0104 0201 0203 0102 0303 0102 0104 0202 0303 0101 0404 0301 0304 0203 0404 0403 0303 0101 0404 0103 0403 0202 0301 0101 0203 0101 0401 0403 0101 0101 0301 0101 0301 0303 0103 0302 0101 0404 0404 0202 0402 0402 0101 0301 0101 0202 0202 0404 0404 0404 0404 0202 0301 0201 0304 0404 0404 0402 0103 0402 0303 0103 0201 0304 0303 0202 0402 0101 0304 0202 0404 0402 0104 0303 0202 0103 0404 0202 0403 0204 0303 0303 0303 0303 0101 0404 0404 0104 0303 0103 0303 0303 0404 0304 0304 0303 0201 0304 0304 0202 0101 0404 0203 0303 0102 0202 0204 0101 0404 0404 0202 0104 0202 0404 0303 0401 0402 0202 0403 0101 0202 0303 0202 0101 0101 0201 0403 0202 0401 0203 0204 0404 0202 0202 0201 0403 0202 0301 
11 , 0404 0401 0303 0403 0202 0303 0101 0203 0404 0302 0101 0303 0101 0101 0202 0402 0201 0201 0101 0203 0304 0104 0203 0202 0303 0404 0201 0101 0101 0101 0303 0304 0404 0303 0301 0302 0101 0202 0204 0303 0202 0404 0101 0404 0301 0303 0201 0102 0303 0202 0302 0104 0403 0202 0101 0202 0303 0203 0404 0101 0303 0101 0402 0303 0104 0101 0202 0103 0404 0404 0101 0404 0404 0404 0103 0202 0101 0203 0203 0101 0303 0203 0303 0304 0102 0101 0303 0402 0101 0303 0202 0404 0303 0404 0404 0102 0401 0101 0202 0302 0202 0303 0202 0401 0202 0101 0303 0101 0303 0201 0402 0102 0303 0202 0302 0303 0101 0404 0404 0404 0202 0201 0404 0202 0201 0403 0404 0404 0101 0401 0101 0101 0202 0303 0101 0403 0101 0402 0101 0104 0202 0101 0103 0101 0303 0302 0201 0202 0101 0202 0303 0101 0202 0101 0302 0101 0303 0202 0404 0303 0204 0201 0401 0201 0303 0101 0303 0101 0101 0202 0203 0201 0303 0101 0404 0303 0104 0404 0303 0101 0404 0103 0403 0202 0101 0101 0202 0101 0101 0304 0101 0101 0303 0101 0103 0303 0103 0302 0101 0404 0404 0102 0404 0202 0303 0101 0101 0202 0202 0404 0404 0101 0404 0202 0303 0101 0403 0403 0404 0204 0303 0404 0303 0303 0202 0404 0303 0102 0202 0101 0404 0202 0404 0202 0101 0303 0402 0101 0401 0202 0404 0202 0303 0301 0301 0304 0101 0404 0404 0404 0303 0303 0303 0202 0404 0303 0303 0103 0101 0303 0303 0303 0103 0304 0203 0303 0201 0202 0402 0101 0104 0402 0202 0404 0202 0404 0404 0401 0202 0303 0303 0101 0202 0303 0202 0101 0103 0202 0404 0102 0104 0302 0202 0404 0202 0202 0202 0404 0202 0303 
12 , 0404 0404 0303 0303 0303 0303 0101 0302 0404 0203 0101 0403 0401 0101 0202 0202 0202 0202 0101 0202 0404 0404 0202 0202 0302 0404 0202 0101 0101 0101 0303 0304 0202 0303 0303 0202 0101 0204 0204 0303 0202 0404 0101 0403 0101 0303 0102 0202 0303 0202 0202 0401 0404 0202 0101 0303 0303 0202 0404 0301 0301 0303 0404 0103 0404 0101 0202 0101 0404 0404 0101 0404 0404 0404 0101 0201 0401 0303 0303 0101 0303 0203 0303 0404 0102 0101 0303 0204 0101 0303 0202 0404 0303 0303 0104 0202 0104 0101 0202 0303 0202 0303 0202 0404 0202 0101 0303 0101 0101 0102 0404 0101 0303 0202 0203 0303 0101 0402 0104 0402 0102 0102 0404 0102 0202 0404 0404 0404 0101 0101 0101 0101 0202 0303 0201 0303 0101 0402 0101 0401 0202 0401 0303 0401 0303 0302 0202 0303 0101 0204 0303 0101 0102 0101 0303 0101 0103 0402 0404 0202 0402 0101 0101 0202 0302 0101 0304 0101 0101 0202 0302 0101 0304 0103 0404 0303 0104 0403 0304 0301 0404 0101 0304 0201 0303 0101 0202 0101 0101 0403 0101 0101 0103 0104 0101 0303 0101 0202 0101 0404 0404 0201 0404 0402 0303 0101 0101 0201 0101 0404 0404 0401 0404 0202 0103 0101 0404 0404 0404 0404 0303 0202 0303 0301 0202 0304 0303 0202 0404 0101 0404 0202 0402 0202 0101 0303 0402 0303 0401 0402 0304 0202 0303 0303 0103 0303 0101 0404 0404 0404 0303 0303 0303 0202 0404 0403 0404 0303 0101 0303 0303 0203 0101 0403 0202 0304 0202 0101 0404 0101 0401 0402 0202 0101 0202 0402 0303 0404 0204 0203 0304 0401 0202 0302 0202 0101 0101 0202 0303 0202 0404 0303 0404 0304 0202 0202 0202 0404 0302 0301 
13 , 0404 0104 0303 0303 0303 0303 0101 0302 0404 0202 0101 0303 0101 0101 0303 0202 0202 0202 0101 0203 0404 0404 0202 0202 0202 0303 0202 0301 0201 0101 0103 0403 0202 0403 0103 0203 0101 0204 0402 0304 0202 0404 0101 0404 0101 0303 0201 0101 0303 0202 0202 0104 0304 0402 0101 0202 0303 0202 0404 0303 0303 0301 0204 0303 0104 0103 0202 0103 0404 0404 0101 0404 0404 0404 0301 0202 0101 0203 0303 0101 0403 0303 0403 0304 0202 0101 0303 0204 0101 0203 0202 0401 0304 0304 0404 0202 0401 0101 0202 0303 0202 0303 0202 0401 0202 0101 0303 0101 0103 0101 0402 0201 0303 0302 0303 0203 0301 0404 0404 0404 0201 0101 0401 0202 0202 0304 0101 0404 0101 0101 0101 0101 0202 0203 0201 0404 0101 0402 0101 0404 0202 0104 0303 0104 0303 0203 0202 0303 0102 0402 0202 0103 0202 0101 0303 0101 0303 0202 0204 0302 0404 0101 0401 0101 0202 0102 0304 0101 0401 0202 0303 0101 0404 0301 0404 0303 0104 0404 0303 0101 0404 0303 0303 0202 0101 0101 0202 0101 0101 0403 0101 0101 0101 0104 0103 0303 0101 0302 0101 0304 0404 0202 0404 0404 0301 0101 0101 0202 0202 0404 0404 0404 0404 0201 0103 0101 0303 0304 0404 0204 0301 0204 0303 0301 0102 0404 0304 0201 0204 0101 0404 0404 0404 0204 0104 0103 0204 0303 0101 0202 0404 0202 0101 0101 0301 0303 0101 0104 0303 0404 0304 0101 0304 0202 0404 0404 0304 0103 0202 0403 0303 0203 0101 0404 0202 0303 0201 0201 0404 0101 0401 0204 0302 0404 0202 0404 0303 0104 0402 0202 0303 0101 0202 0303 0202 0101 0101 0101 0404 0202 0404 0302 0402 0404 0202 0202 0202 0404 0202 0303 
14 , 0404 0404 0303 0304 0303 0303 0101 0302 0404 0302 0101 0303 0104 0201 0202 0202 0102 0201 0301 0202 0404 0404 0302 0204 0202 0403 0202 0101 0101 0101 0101 0403 0404 0304 0301 0202 0101 0204 0404 0303 0202 0402 0103 0404 0101 0303 0102 0201 0203 0202 0202 0104 0404 0204 0101 0303 0303 0303 0401 0303 0303 0103 0404 0303 0104 0101 0101 0103 0402 0204 0101 0404 0404 0404 0101 0102 0101 0303 0203 0101 0304 0202 0404 0404 0101 0101 0303 0404 0101 0303 0201 0401 0403 0303 0401 0102 0104 0101 0203 0203 0202 0303 0202 0404 0202 0101 0301 0101 0303 0101 0404 0101 0303 0302 0203 0303 0101 0204 0404 0402 0201 0101 0404 0201 0202 0304 0404 0404 0101 0101 0103 0101 0202 0303 0101 0403 0101 0402 0101 0101 0201 0401 0303 0104 0303 0303 0202 0303 0101 0402 0202 0301 0202 0101 0203 0101 0303 0202 0404 0203 0204 0201 0101 0202 0303 0101 0303 0101 0101 0201 0303 0101 0303 0103 0404 0303 0404 0404 0403 0101 0404 0101 0303 0202 0103 0101 0202 0101 0404 0403 0103 0201 0101 0401 0101 0303 0103 0302 0101 0404 0404 0201 0404 0402 0103 0101 0301 0202 0202 0404 0404 0101 0404 0202 0303 0101 0304 0404 0404 0404 0103 0404 0303 0301 0201 0404 0304 0102 0404 0101 0404 0202 0204 0204 0101 0303 0404 0303 0401 0202 0403 0402 0301 0103 0303 0303 0101 0401 0403 0404 0303 0303 0303 0202 0404 0404 0303 0303 0102 0303 0303 0303 0101 0404 0303 0403 0202 0101 0404 0102 0401 0404 0202 0404 0202 0404 0304 0401 0404 0202 0303 0101 0404 0303 0202 0101 0101 0202 0404 0202 0401 0303 0402 0404 0202 0202 0202 0404 0202 0103 
15 , 0404 0104 0303 0304 0302 0303 0103 0302 0404 0303 0101 0304 0104 0101 0302 0202 0202 0201 0103 0202 0404 0401 0202 0202 0202 0404 0202 0101 0101 0101 0103 0304 0204 0303 0301 0302 0301 0402 0204 0303 0302 0404 0101 0303 0101 0101 0102 0101 0303 0203 0202 0101 0404 0204 0101 0203 0303 0202 0404 0303 0303 0303 0404 0303 0404 0301 0102 0103 0404 0404 0101 0404 0404 0404 0303 0201 0401 0203 0302 0101 0303 0303 0404 0404 0202 0101 0303 0404 0101 0303 0102 0401 0303 0303 0404 0202 0104 0104 0302 0203 0202 0303 0202 0104 0102 0101 0303 0101 0301 0202 0404 0101 0403 0202 0302 0303 0101 0404 0404 0404 0102 0201 0404 0202 0102 0404 0404 0404 0102 0101 0101 0101 0202 0303 0101 0403 0101 0204 0101 0101 0201 0104 0103 0101 0303 0302 0201 0202 0101 0202 0203 0101 0202 0102 0303 0101 0303 0202 0404 0203 0202 0102 0101 0202 0302 0101 0303 0101 0104 0202 0303 0101 0303 0103 0404 0303 0401 0404 0403 0101 0404 0301 0303 0202 0101 0101 0202 0101 0401 0403 0101 0101 0303 0101 0101 0303 0301 0303 0101 0404 0404 0202 0404 0204 0103 0101 0101 0202 0202 0404 0204 0101 0404 0202 0303 0101 0404 0403 0404 0404 0103 0404 0303 0103 0201 0404 0304 0102 0404 0104 0404 0402 0404 0202 0101 0103 0204 0103 0101 0202 0403 0402 0301 0301 0301 0303 0101 0101 0303 0104 0303 0301 0303 0202 0404 0404 0404 0301 0102 0303 0303 0302 0103 0404 0202 0303 0202 0202 0402 0101 0404 0402 0202 0104 0202 0402 0303 0101 0202 0202 0303 0101 0204 0303 0202 0101 0101 0202 0404 0202 0401 0303 0402 0404 0202 0203 0102 0404 0203 0303 
16 , 0404 0401 0303 0303 0303 0303 0103 0302 0404 0202 0101 0303 0101 0101 0202 0202 0102 0201 0101 0303 0304 0401 0202 0202 0202 0404 0202 0101 0101 0101 0101 0404 0402 0304 0303 0202 0101 0202 0204 0304 0202 0404 0101 0404 0101 0303 0102 0202 0303 0202 0202 0104 0304 0202 0101 0303 0302 0202 0401 0303 0303 0301 0404 0303 0104 0101 0201 0301 0402 0404 0101 0404 0404 0404 0303 0202 0104 0303 0303 0101 0404 0302 0403 0404 0101 0101 0203 0404 0101 0303 0101 0101 0304 0403 0401 0201 0104 0104 0202 0202 0202 0303 0202 0404 0102 0104 0303 0104 0101 0202 0204 0101 0303 0202 0303 0203 0101 0404 0404 0404 0201 0201 0404 0101 0202 0303 0404 0404 0101 0101 0103 0101 0202 0303 0101 0403 0101 0404 0301 0404 0102 0401 0303 0101 0303 0303 0202 0303 0101 0204 0303 0301 0202 0101 0302 0301 0301 0204 0402 0303 0202 0201 0101 0102 0303 0101 0303 0101 0101 0202 0303 0101 0304 0303 0404 0303 0404 0404 0403 0101 0404 0103 0303 0102 0101 0102 0302 0101 0404 0403 0101 0101 0103 0101 0303 0303 0101 0303 0101 0404 0404 0202 0404 0204 0301 0101 0101 0202 0202 0404 0404 0401 0401 0202 0301 0201 0304 0403 0404 0402 0303 0202 0303 0103 0202 0404 0303 0202 0404 0101 0403 0204 0404 0202 0101 0103 0202 0301 0104 0202 0404 0402 0103 0301 0303 0303 0101 0101 0404 0401 0303 0301 0303 0202 0404 0304 0303 0303 0201 0303 0303 0202 0101 0404 0202 0303 0102 0201 0404 0101 0401 0404 0202 0404 0202 0404 0303 0101 0204 0202 0304 0101 0404 0303 0202 0101 0101 0202 0404 0202 0104 0303 0404 0404 0202 0202 0202 0404 0202 0303 
17 , 0404 0104 0303 0303 0203 0303 0101 0203 0404 0303 0101 0403 0101 0102 0202 0202 0202 0102 0101 0202 0404 0404 0202 0404 0202 0404 0202 0101 0201 0101 0103 0403 0404 0303 0303 0203 0301 0402 0204 0403 0202 0404 0101 0404 0101 0301 0102 0201 0302 0203 0202 0101 0304 0404 0101 0203 0303 0202 0404 0303 0301 0103 0402 0303 0401 0101 0101 0101 0204 0404 0101 0404 0404 0404 0303 0102 0401 0203 0302 0102 0303 0202 0403 0404 0101 0401 0303 0404 0101 0303 0202 0404 0303 0403 0404 0202 0404 0401 0202 0302 0202 0303 0202 0404 0102 0101 0303 0101 0303 0201 0404 0102 0303 0202 0203 0303 0101 0404 0404 0404 0202 0101 0404 0202 0202 0404 0404 0404 0101 0101 0301 0101 0202 0303 0102 0403 0101 0402 0101 0401 0202 0404 0303 0101 0303 0202 0202 0302 0102 0202 0203 0101 0202 0202 0303 0301 0103 0202 0404 0303 0202 0202 0101 0102 0302 0101 0303 0102 0104 0202 0302 0102 0403 0101 0404 0303 0401 0404 0304 0101 0404 0103 0303 0202 0101 0101 0202 0101 0101 0303 0101 0101 0301 0101 0301 0303 0301 0303 0101 0404 0404 0102 0404 0202 0101 0101 0101 0202 0202 0404 0404 0101 0401 0202 0301 0101 0304 0404 0404 0404 0303 0404 0303 0303 0202 0404 0303 0202 0202 0101 0404 0204 0404 0202 0101 0301 0202 0303 0404 0402 0403 0202 0103 0103 0301 0303 0301 0101 0404 0404 0303 0303 0404 0202 0401 0304 0404 0103 0102 0303 0303 0303 0303 0404 0302 0303 0201 0201 0404 0101 0104 0404 0202 0101 0202 0404 0303 0401 0402 0202 0303 0101 0404 0303 0202 0101 0301 0201 0404 0202 0404 0303 0404 0404 0202 0202 0202 0404 0202 0303 
18 , 0404 0101 0303 0303 0302 0303 0101 0303 0404 0303 0101 0403 0401 0101 0202 0202 0202 0101 0103 0202 0404 0401 0202 0202 0202 0404 0202 0101 0101 0101 0101 0304 0204 0303 0303 0202 0101 0202 0402 0403 0202 0404 0101 0303 0101 0303 0201 0201 0303 0202 0202 0101 0404 0204 0101 0303 0303 0202 0401 0301 0303 0303 0404 0303 0404 0301 0102 0103 0202 0404 0101 0101 0404 0404 0301 0102 0101 0202 0202 0101 0403 0203 0303 0303 0101 0101 0203 0404 0101 0302 0202 0404 0404 0303 0401 0102 0401 0101 0203 0202 0202 0303 0202 0404 0202 0101 0103 0101 0101 0202 0404 0101 0303 0202 0302 0303 0101 0404 0404 0404 0202 0102 0104 0201 0102 0304 0404 0404 0101 0101 0103 0101 0202 0203 0101 0403 0101 0404 0101 0101 0202 0104 0303 0401 0303 0303 0202 0302 0101 0204 0302 0103 0202 0101 0303 0103 0303 0402 0404 0203 0202 0202 0401 0102 0202 0101 0403 0101 0401 0102 0203 0101 0404 0301 0404 0303 0404 0404 0403 0101 0404 0301 0304 0201 0301 0101 0202 0101 0404 0303 0103 0101 0301 0101 0101 0403 0101 0303 0101 0404 0404 0201 0404 0202 0103 0101 0101 0202 0202 0404 0404 0104 0404 0202 0103 0102 0403 0404 0404 0404 0101 0204 0303 0103 0201 0404 0303 0202 0404 0101 0404 0202 0402 0202 0101 0303 0204 0101 0401 0202 0404 0404 0303 0303 0303 0403 0101 0101 0404 0401 0303 0301 0304 0202 0404 0303 0403 0301 0201 0303 0303 0303 0101 0304 0202 0403 0201 0202 0404 0102 0404 0404 0202 0104 0204 0404 0403 0104 0402 0202 0303 0401 0204 0303 0202 0101 0101 0202 0404 0202 0401 0303 0404 0404 0202 0202 0202 0404 0202 0303 
19 , 0404 0104 0303 0303 0302 0303 0101 0303 0404 0302 0101 0304 0101 0101 0202 0202 0102 0202 0103 0202 0403 0404 0202 0204 0202 0404 0202 0301 0101 0101 0101 0404 0202 0303 0103 0202 0103 0402 0202 0303 0202 0402 0101 0404 0103 0103 0202 0102 0303 0202 0202 0101 0404 0402 0103 0202 0203 0303 0404 0303 0303 0301 0404 0103 0104 0301 0201 0101 0402 0404 0104 0404 0404 0404 0301 0201 0104 0202 0302 0101 0403 0202 0403 0404 0101 0101 0303 0404 0101 0203 0201 0401 0303 0403 0401 0202 0401 0104 0203 0303 0202 0303 0202 0404 0202 0101 0303 0101 0103 0102 0404 0202 0303 0202 0302 0203 0101 0404 0401 0404 0101 0201 0401 0201 0202 0403 0104 0404 0202 0101 0101 0101 0202 0303 0202 0303 0101 0404 0101 0101 0202 0104 0303 0101 0403 0202 0202 0302 0101 0404 0203 0101 0202 0101 0303 0101 0303 0202 0204 0302 0202 0102 0401 0202 0203 0101 0304 0101 0101 0202 0303 0101 0404 0103 0404 0202 0104 0404 0403 0101 0404 0303 0303 0202 0303 0101 0202 0101 0101 0403 0103 0101 0103 0101 0303 0303 0301 0302 0101 0404 0404 0202 0402 0402 0301 0103 0101 0202 0202 0404 0404 0401 0404 0202 0103 0101 0403 0304 0404 0202 0101 0204 0303 0101 0101 0404 0303 0202 0404 0101 0403 0204 0404 0202 0104 0103 0204 0303 0101 0202 0404 0202 0303 0301 0303 0303 0101 0404 0304 0401 0304 0103 0404 0202 0401 0304 0303 0303 0201 0403 0303 0203 0101 0404 0202 0403 0202 0202 0404 0101 0101 0204 0302 0104 0202 0404 0303 0404 0204 0202 0304 0101 0202 0303 0202 0101 0101 0102 0404 0202 0404 0303 0402 0404 0202 0202 0202 0404 0202 0303 
20 , 0104 0401 0301 0404 0303 0303 0101 0302 0404 0202 0101 0303 0401 0102 0302 0204 0202 0202 0101 0302 0404 0101 0202 0204 0202 0404 0202 0101 0101 0101 0101 0304 0204 0303 0303 0202 0101 0202 0402 0303 0202 0404 0101 0404 0101 0301 0201 0101 0303 0202 0202 0101 0404 0202 0101 0302 0302 0203 0404 0103 0303 0301 0404 0303 0401 0301 0102 0101 0402 0402 0101 0404 0401 0404 0301 0202 0104 0302 0302 0201 0403 0303 0404 0404 0102 0104 0303 0404 0101 0303 0101 0104 0303 0303 0404 0202 0401 0101 0303 0202 0402 0303 0202 0404 0101 0401 0303 0401 0303 0102 0204 0101 0403 0203 0303 0202 0101 0404 0401 0202 0202 0101 0404 0201 0202 0403 0404 0404 0101 0101 0101 0201 0202 0303 0202 0403 0101 0404 0101 0401 0202 0101 0303 0101 0403 0303 0202 0302 0101 0202 0303 0101 0202 0201 0303 0101 0301 0202 0404 0203 0204 0201 0101 0202 0203 0101 0304 0101 0101 0202 0302 0101 0403 0301 0404 0303 0101 0404 0304 0103 0404 0301 0303 0202 0101 0101 0202 0103 0101 0303 0101 0101 0101 0104 0101 0303 0303 0303 0101 0404 0304 0102 0204 0204 0103 0101 0101 0202 0202 0204 0404 0101 0404 0202 0303 0101 0404 0404 0404 0402 0103 0204 0303 0103 0101 0404 0303 0102 0402 0101 0403 0402 0404 0202 0101 0103 0204 0103 0404 0202 0303 0402 0303 0301 0301 0303 0101 0104 0404 0404 0403 0303 0303 0203 0104 0304 0403 0301 0201 0303 0303 0203 0101 0404 0203 0303 0202 0202 0404 0102 0404 0204 0203 0401 0202 0404 0303 0104 0202 0202 0403 0401 0404 0303 0202 0101 0101 0101 0404 0202 0404 0303 0402 0404 0202 0202 0202 0404 0202 0303 
21 , 0404 0101 0301 0303 0203 0303 0101 0203 0404 0302 0101 0304 0101 0101 0203 0402 0202 0102 0101 0203 0303 0401 0202 0202 0302 0403 0202 0101 0101 0101 0303 0404 0404 0303 0103 0203 0103 0204 0204 0303 0202 0204 0101 0304 0101 0303 0101 0202 0303 0202 0302 0101 0404 0202 0101 0303 0302 0202 0404 0303 0103 0103 0402 0303 0101 0101 0201 0103 0404 0404 0104 0104 0404 0404 0303 0102 0404 0303 0202 0101 0304 0203 0303 0404 0102 0101 0303 0404 0101 0303 0202 0401 0303 0303 0404 0201 0401 0101 0202 0302 0202 0303 0202 0404 0202 0101 0303 0101 0301 0202 0402 0102 0303 0202 0302 0203 0101 0204 0404 0404 0202 0101 0404 0201 0202 0404 0404 0404 0101 0101 0103 0101 0202 0303 0102 0303 0101 0404 0101 0401 0202 0404 0301 0101 0303 0203 0202 0202 0101 0404 0203 0101 0202 0102 0303 0101 0303 0402 0404 0203 0404 0202 0101 0101 0203 0102 0304 0101 0101 0201 0303 0101 0403 0303 0404 0303 0401 0404 0404 0101 0404 0303 0303 0102 0301 0101 0202 0101 0101 0404 0101 0201 0103 0104 0101 0304 0301 0303 0301 0404 0404 0201 0404 0204 0101 0101 0101 0202 0202 0402 0404 0104 0101 0202 0101 0101 0304 0304 0404 0404 0103 0402 0303 0303 0102 0304 0304 0201 0404 0101 0404 0402 0404 0202 0401 0301 0204 0303 0101 0202 0303 0202 0301 0303 0303 0303 0101 0101 0404 0104 0303 0303 0304 0202 0404 0403 0303 0303 0102 0403 0303 0203 0101 0404 0203 0303 0202 0202 0404 0101 0404 0404 0202 0404 0202 0204 0404 0404 0204 0202 0303 0101 0404 0303 0402 0101 0101 0102 0404 0202 0404 0303 0402 0403 0202 0202 0202 0404 0202 0303 
22 , 0404 0404 0303 0403 0302 0303 0101 0203 0404 0302 0101 0303 0101 0201 0202 0404 0201 0102 0101 0302 0404 0404 0202 0202 0202 0304 0202 0101 0202 0101 0103 0303 0204 0303 0303 0303 0101 0202 0404 0403 0202 0204 0101 0303 0101 0301 0102 0102 0302 0202 0202 0404 0403 0202 0101 0202 0303 0202 0404 0301 0303 0103 0404 0303 0401 0101 0202 0301 0204 0404 0101 0404 0404 0404 0103 0101 0104 0203 0303 0102 0303 0302 0303 0404 0201 0101 0303 0404 0101 0303 0201 0404 0303 0403 0404 0201 0104 0101 0202 0202 0204 0303 0202 0404 0202 0101 0303 0101 0101 0202 0404 0101 0303 0202 0203 0303 0101 0404 0404 0402 0102 0201 0404 0202 0202 0404 0404 0404 0201 0101 0101 0101 0202 0303 0201 0404 0102 0202 0101 0101 0202 0104 0301 0104 0303 0203 0202 0203 0101 0402 0303 0301 0202 0202 0303 0101 0301 0202 0404 0302 0202 0101 0101 0201 0303 0101 0403 0101 0101 0202 0203 0101 0403 0101 0404 0303 0404 0403 0404 0101 0404 0303 0303 0202 0101 0101 0202 0101 0101 0303 0301 0102 0103 0101 0101 0303 0301 0303 0103 0404 0404 0202 0404 0404 0103 0301 0101 0202 0202 0404 0404 0101 0404 0201 0103 0202 0403 0404 0404 0402 0303 0202 0304 0303 0202 0403 0403 0102 0404 0101 0404 0402 0404 0202 0101 0301 0404 0303 0101 0202 0403 0202 0303 0303 0303 0303 0103 0101 0404 0104 0303 0301 0303 0202 0401 0303 0304 0303 0102 0303 0303 0203 0101 0404 0303 0303 0202 0102 0404 0101 0404 0404 0302 0404 0402 0404 0304 0404 0402 0202 0303 0101 0202 0303 0402 0102 0101 0201 0404 0202 0404 0303 0404 0404 0202 0202 0202 0304 0202 0303 
23 , 0404 0104 0303 0303 0302 0303 0101 0302 0401 0303 0101 0303 0101 0101 0203 0202 0201 0201 0101 0302 0404 0401 0202 0202 0202 0403 0202 0101 0101 0103 0103 0404 0204 0303 0101 0202 0101 0202 0402 0403 0302 0404 0101 0404 0101 0301 0202 0201 0303 0202 0203 0101 0404 0204 0101 0203 0303 0302 0404 0101 0303 0101 0404 0303 0104 0101 0101 0301 0402 0404 0101 0404 0404 0204 0103 0102 0104 0202 0303 0101 0303 0302 0404 0404 0202 0101 0202 0404 0101 0303 0202 0104 0303 0303 0401 0202 0101 0104 0202 0203 0202 0303 0202 0404 0202 0101 0303 0101 0101 0201 0402 0201 0303 0202 0303 0203 0101 0404 0404 0404 0202 0101 0401 0102 0202 0404 0404 0404 0101 0101 0303 0101 0202 0303 0102 0303 0101 0202 0101 0401 0102 0401 0103 0101 0403 0202 0202 0202 0101 0202 0302 0301 0202 0102 0203 0101 0303 0404 0404 0303 0402 0102 0104 0201 0303 0102 0403 0101 0101 0202 0303 0102 0404 0103 0404 0203 0104 0403 0303 0103 0404 0101 0403 0202 0103 0101 0202 0301 0404 0304 0101 0101 0101 0401 0301 0303 0101 0303 0101 0404 0404 0102 0404 0202 0303 0101 0101 0202 0201 0404 0404 0104 0404 0202 0303 0102 0404 0404 0404 0204 0303 0402 0303 0103 0201 0404 0403 0202 0404 0101 0304 0402 0404 0202 0104 0103 0402 0303 0404 0202 0404 0204 0303 0303 0303 0403 0101 0404 0304 0404 0303 0103 0303 0302 0404 0404 0303 0103 0101 0304 0303 0202 0101 0404 0302 0303 0202 0201 0404 0101 0104 0204 0202 0104 0204 0404 0404 0404 0402 0202 0403 0401 0202 0303 0204 0101 0303 0201 0404 0202 0104 0302 0402 0404 0202 0202 0202 0303 0202 0301 
24 , 0404 0104 0303 0303 0303 0303 0101 0302 0404 0202 0301 0303 0101 0201 0203 0204 0202 0201 0101 0203 0404 0404 0202 0202 0202 0304 0202 0101 0101 0101 0101 0304 0404 0303 0303 0202 0101 0202 0402 0303 0202 0404 0101 0404 0101 0303 0102 0102 0203 0302 0202 0401 0303 0404 0103 0203 0303 0202 0404 0303 0103 0103 0402 0303 0104 0101 0102 0101 0404 0404 0101 0104 0404 0404 0103 0201 0404 0203 0203 0101 0403 0202 0304 0304 0101 0401 0302 0404 0101 0303 0202 0404 0303 0303 0404 0102 0101 0101 0203 0203 0202 0203 0202 0401 0202 0101 0303 0104 0301 0102 0404 0101 0304 0202 0302 0203 0101 0402 0404 0404 0101 0102 0404 0102 0202 0404 0404 0404 0102 0101 0101 0101 0202 0303 0201 0403 0101 0404 0101 0101 0202 0101 0303 0101 0303 0203 0202 0302 0101 0202 0303 0101 0202 0101 0303 0101 0101 0202 0404 0203 0402 0101 0101 0102 0303 0101 0303 0101 0101 0102 0303 0101 0403 0303 0404 0203 0404 0404 0404 0101 0404 0303 0303 0202 0103 0101 0202 0101 0101 0304 0101 0101 0303 0101 0103 0303 0103 0303 0101 0404 0404 0202 0404 0402 0303 0103 0103 0202 0202 0204 0404 0401 0401 0202 0303 0101 0404 0404 0402 0402 0303 0204 0403 0301 0201 0404 0403 0201 0404 0101 0404 0202 0404 0202 0404 0303 0404 0301 0101 0202 0404 0202 0303 0103 0303 0303 0101 0101 0403 0104 0403 0303 0304 0203 0404 0303 0303 0301 0102 0403 0303 0302 0101 0404 0202 0303 0202 0101 0404 0101 0401 0402 0202 0401 0202 0404 0403 0404 0404 0202 0303 0104 0202 0303 0202 0102 0101 0102 0404 0202 0401 0303 0202 0404 0202 0202 0202 0404 0202 0301 
25 , 0404 0104 0303 0303 0302 0302 0101 0303 0404 0303 0101 0304 0401 0101 0302 0202 0202 0201 0101 0202 0304 0401 0202 0402 0302 0304 0202 0101 0101 0303 0103 0404 0402 0303 0103 0202 0103 0202 0402 0303 0203 0402 0101 0404 0103 0101 0202 0202 0203 0202 0202 0101 0304 0202 0101 0302 0303 0202 0404 0103 0303 0303 0402 0303 0404 0101 0101 0103 0402 0404 0101 0404 0404 0404 0101 0101 0101 0303 0202 0101 0304 0302 0403 0403 0202 0104 0303 0202 0101 0302 0202 0104 0303 0303 0101 0101 0101 0101 0203 0302 0402 0303 0202 0404 0202 0101 0301 0101 0303 0201 0404 0101 0303 0202 0202 0303 0101 0404 0404 0402 0202 0101 0404 0202 0202 0404 0401 0404 0101 0101 0101 0101 0202 0303 0101 0304 0102 0204 0101 0104 0202 0404 0103 0101 0303 0203 0202 0303 0101 0202 0303 0101 0202 0101 0303 0101 0303 0204 0404 0302 0202 0202 0101 0102 0302 0101 0304 0101 0101 0201 0303 0101 0304 0301 0404 0303 0404 0404 0304 0301 0404 0303 0303 0201 0101 0101 0202 0101 0104 0303 0301 0101 0303 0101 0103 0303 0101 0303 0101 0403 0404 0202 0404 0404 0101 0101 0101 0202 0202 0402 0404 0101 0101 0202 0103 0101 0303 0404 0402 0204 0303 0404 0303 0103 0102 0404 0303 0102 0404 0104 0304 0204 0204 0202 0101 0101 0404 0101 0404 0402 0404 0204 0303 0301 0303 0303 0101 0401 0404 0404 0303 0103 0303 0203 0404 0303 0303 0301 0201 0303 0303 0302 0101 0404 0202 0303 0202 0101 0404 0101 0101 0404 0202 0404 0202 0404 0303 0104 0204 0202 0403 0101 0202 0303 0204 0101 0101 0201 0404 0202 0404 0303 0202 0404 0201 0203 0202 0303 0202 0303 
26 , 0404 0101 0103 0303 0303 0203 0101 0303 0104 0202 0101 0303 0401 0102 0202 0404 0202 0201 0101 0203 0304 0101 0202 0202 0202 0404 0202 0101 0101 0101 0101 0404 0404 0303 0103 0203 0301 0202 0204 0303 0302 0402 0101 0304 0101 0103 0202 0202 0203 0202 0202 0101 0304 0402 0101 0303 0302 0202 0404 0303 0303 0301 0404 0303 0404 0101 0101 0101 0404 0404 0101 0404 0404 0404 0303 0202 0101 0303 0303 0101 0303 0302 0404 0403 0202 0101 0303 0404 0101 0303 0202 0104 0303 0304 0101 0102 0104 0101 0203 0303 0202 0303 0202 0404 0202 0101 0303 0101 0101 0202 0404 0101 0303 0202 0203 0303 0101 0404 0404 0404 0202 0201 0404 0201 0202 0404 0401 0404 0101 0101 0101 0101 0202 0303 0102 0304 0102 0204 0101 0404 0202 0401 0303 0101 0303 0202 0202 0203 0102 0202 0303 0101 0202 0101 0302 0101 0301 0202 0404 0203 0202 0201 0101 0102 0303 0101 0304 0101 0101 0202 0302 0101 0304 0301 0404 0302 0404 0404 0304 0303 0404 0301 0304 0202 0101 0101 0202 0101 0404 0304 0301 0102 0301 0401 0301 0303 0301 0303 0101 0404 0404 0202 0404 0204 0303 0101 0101 0202 0101 0404 0204 0104 0404 0202 0103 0101 0303 0403 0204 0202 0303 0402 0303 0303 0101 0403 0303 0102 0204 0401 0404 0204 0404 0202 0104 0103 0404 0103 0401 0404 0403 0402 0303 0103 0303 0303 0101 0101 0404 0401 0303 0301 0304 0202 0404 0303 0303 0301 0201 0303 0303 0303 0101 0404 0202 0303 0102 0202 0404 0101 0101 0404 0202 0401 0202 0404 0304 0404 0202 0203 0403 0101 0402 0303 0202 0101 0101 0201 0404 0202 0404 0303 0204 0404 0202 0202 0202 0304 0202 0301 
27 , 0404 0104 0303 0303 0302 0303 0101 0302 0404 0303 0101 0303 0101 0101 0203 0202 0202 0101 0301 0202 0404 0401 0202 0202 0203 0404 0102 0101 0101 0301 0303 0304 0402 0303 0101 0302 0101 0202 0202 0303 0202 0404 0101 0404 0101 0303 0202 0201 0303 0302 0202 0404 0404 0402 0301 0302 0302 0202 0404 0301 0303 0301 0404 0303 0401 0101 0202 0101 0202 0204 0101 0404 0404 0404 0301 0201 0104 0303 0303 0201 0304 0203 0303 0304 0102 0101 0203 0402 0101 0203 0202 0404 0304 0403 0401 0201 0401 0101 0302 0302 0202 0303 0202 0404 0202 0101 0303 0101 0101 0202 0404 0102 0303 0202 0303 0302 0101 0404 0104 0404 0202 0101 0401 0202 0202 0404 0404 0404 0101 0104 0103 0102 0202 0303 0101 0304 0101 0404 0101 0104 0202 0401 0303 0101 0304 0203 0102 0302 0101 0402 0302 0101 0202 0101 0203 0101 0303 0202 0204 0303 0202 0202 0401 0101 0303 0201 0403 0101 0101 0202 0303 0102 0304 0301 0404 0303 0404 0404 0403 0101 0404 0101 0303 0202 0101 0102 0202 0101 0101 0304 0301 0101 0101 0404 0101 0303 0101 0302 0101 0403 0404 0102 0404 0402 0301 0101 0101 0202 0202 0404 0404 0401 0404 0202 0301 0101 0303 0404 0402 0402 0301 0204 0303 0303 0102 0403 0304 0101 0402 0101 0403 0202 0404 0202 0104 0303 0404 0103 0101 0202 0303 0202 0103 0301 0103 0303 0101 0104 0303 0404 0303 0301 0403 0202 0404 0303 0303 0301 0202 0303 0303 0202 0101 0404 0203 0303 0202 0202 0404 0101 0104 0404 0202 0104 0202 0404 0303 0401 0204 0302 0304 0101 0402 0302 0402 0101 0101 0202 0304 0202 0404 0302 0204 0404 0202 0202 0202 0404 0202 0301 
28 , 0404 0101 0101 0303 0203 0203 0101 0303 0104 0303 0101 0403 0101 0202 0303 0202 0202 0101 0101 0202 0403 0104 0202 0202 0202 0404 0202 0101 0201 0101 0101 0404 0204 0303 0103 0303 0101 0202 0204 0303 0202 0204 0101 0404 0101 0303 0202 0102 0303 0202 0202 0101 0404 0204 0101 0203 0303 0203 0404 0301 0303 0301 0404 0303 0404 0101 0201 0101 0404 0404 0101 0404 0401 0404 0301 0202 0401 0303 0202 0101 0403 0202 0404 0404 0202 0101 0303 0202 0101 0203 0202 0404 0304 0303 0404 0102 0401 0104 0302 0303 0202 0303 0201 0404 0202 0101 0303 0101 0101 0202 0204 0101 0303 0203 0303 0203 0101 0404 0404 0402 0202 0102 0404 0202 0202 0304 0404 0404 0102 0101 0303 0101 0202 0303 0101 0304 0101 0404 0101 0401 0202 0401 0303 0104 0304 0302 0202 0203 0101 0202 0202 0301 0202 0101 0303 0101 0303 0202 0404 0203 0204 0201 0104 0101 0303 0201 0403 0101 0104 0202 0303 0101 0304 0101 0404 0203 0404 0403 0403 0103 0404 0301 0303 0202 0101 0101 0202 0101 0404 0303 0101 0101 0101 0101 0301 0303 0103 0303 0101 0404 0404 0201 0204 0404 0303 0101 0101 0202 0202 0404 0404 0101 0101 0202 0301 0201 0303 0404 0404 0404 0303 0202 0303 0103 0201 0404 0303 0102 0402 0101 0404 0402 0404 0202 0104 0103 0202 0303 0101 0402 0404 0202 0303 0301 0303 0303 0301 0101 0403 0401 0304 0303 0304 0302 0104 0403 0303 0101 0102 0303 0303 0303 0101 0404 0302 0303 0202 0202 0204 0101 0104 0404 0203 0101 0402 0204 0303 0404 0402 0202 0303 0101 0202 0303 0202 0101 0101 0201 0404 0202 0401 0302 0204 0404 0202 0202 0202 0404 0202 0303 
29 , 0404 0404 0303 0403 0303 0303 0101 0203 0104 0302 0101 0303 0101 0101 0202 0202 0202 0202 0101 0203 0403 0404 0202 0202 0202 0304 0202 0101 0102 0101 0301 0403 0202 0303 0301 0302 0101 0202 0202 0303 0202 0404 0101 0304 0101 0103 0201 0101 0302 0202 0203 0101 0304 0202 0101 0303 0203 0203 0104 0101 0303 0303 0204 0303 0104 0101 0202 0301 0404 0404 0101 0404 0404 0404 0101 0102 0401 0303 0203 0201 0303 0302 0404 0304 0201 0101 0302 0404 0101 0303 0202 0404 0303 0303 0401 0202 0101 0104 0202 0303 0202 0303 0201 0404 0202 0101 0303 0401 0101 0202 0404 0101 0303 0202 0302 0303 0101 0404 0404 0404 0202 0101 0404 0202 0202 0404 0404 0404 0202 0101 0301 0101 0202 0303 0202 0404 0101 0404 0101 0104 0202 0104 0103 0101 0303 0302 0202 0302 0101 0202 0203 0101 0202 0102 0303 0101 0303 0202 0404 0303 0204 0201 0104 0201 0203 0202 0304 0201 0401 0202 0303 0102 0303 0303 0404 0303 0404 0303 0403 0101 0404 0101 0303 0202 0101 0101 0202 0101 0104 0403 0301 0101 0301 0101 0301 0303 0301 0203 0103 0404 0404 0101 0404 0404 0303 0101 0101 0202 0201 0404 0402 0401 0404 0202 0101 0101 0404 0404 0404 0402 0303 0404 0303 0101 0202 0304 0303 0202 0402 0101 0404 0204 0404 0202 0101 0101 0202 0303 0104 0204 0304 0202 0303 0301 0303 0303 0101 0101 0304 0404 0303 0303 0303 0203 0404 0303 0403 0301 0102 0303 0303 0303 0101 0404 0303 0303 0202 0202 0404 0101 0101 0404 0202 0401 0202 0404 0303 0101 0204 0202 0403 0101 0202 0303 0204 0102 0101 0202 0304 0202 0404 0303 0404 0403 0202 0202 0202 0404 0202 0303 
30 , 0404 0401 0103 0303 0302 0303 0101 0202 0404 0202 0101 0304 0101 0201 0202 0402 0202 0201 0101 0202 0404 0404 0202 0402 0202 0404 0202 0101 0102 0101 0103 0303 0404 0303 0103 0302 0101 0402 0404 0303 0203 0404 0101 0404 0101 0303 0202 0102 0303 0302 0202 0101 0303 0402 0101 0303 0303 0202 0404 0303 0303 0303 0404 0303 0404 0101 0201 0103 0204 0204 0101 0404 0404 0404 0103 0201 0404 0303 0302 0102 0303 0202 0303 0303 0201 0401 0303 0204 0401 0303 0202 0404 0304 0303 0404 0102 0101 0404 0203 0203 0202 0303 0202 0404 0202 0401 0303 0101 0103 0102 0404 0102 0303 0203 0303 0303 0101 0404 0101 0204 0202 0101 0404 0201 0202 0304 0404 0104 0201 0401 0301 0102 0202 0203 0101 0304 0101 0404 0101 0401 0202 0104 0303 0404 0303 0302 0202 0302 0101 0202 0303 0301 0201 0101 0303 0101 0301 0202 0404 0203 0204 0101 0101 0102 0203 0102 0403 0101 0101 0102 0203 0101 0303 0303 0404 0303 0401 0404 0304 0303 0404 0103 0403 0201 0103 0101 0202 0103 0401 0304 0101 0101 0103 0101 0101 0303 0101 0203 0301 0404 0404 0102 0404 0204 0301 0101 0101 0202 0202 0404 0404 0401 0404 0102 0103 0101 0304 0404 0404 0204 0103 0204 0303 0303 0202 0304 0303 0101 0404 0401 0304 0204 0204 0202 0101 0303 0404 0303 0401 0204 0303 0202 0303 0303 0303 0303 0101 0101 0404 0104 0304 0303 0304 0202 0401 0404 0403 0303 0201 0303 0303 0202 0101 0404 0203 0303 0102 0202 0404 0101 0401 0404 0202 0401 0204 0404 0303 0404 0204 0202 0303 0101 0202 0303 0202 0201 0101 0202 0404 0102 0404 0303 0202 0404 0202 0202 0201 0303 0202 0301 
31 , 0404 0404 0303 0303 0303 0303 0101 0203 0401 0302 0103 0304 0101 0101 0302 0202 0101 0201 0101 0202 0404 0401 0202 0202 0202 0403 0202 0301 0202 0103 0101 0404 0204 0403 0103 0202 0101 0202 0202 0403 0202 0404 0101 0404 0101 0101 0202 0102 0303 0202 0202 0101 0404 0204 0101 0203 0303 0202 0404 0301 0303 0303 0404 0303 0101 0301 0201 0301 0402 0404 0101 0104 0404 0404 0301 0202 0101 0302 0303 0101 0403 0302 0404 0403 0102 0101 0303 0204 0101 0203 0202 0404 0303 0403 0401 0202 0104 0101 0202 0303 0402 0303 0202 0404 0202 0101 0303 0101 0101 0101 0402 0101 0304 0302 0303 0203 0101 0404 0404 0404 0102 0102 0401 0202 0202 0303 0104 0401 0101 0101 0101 0101 0202 0303 0201 0303 0101 0404 0101 0404 0201 0101 0303 0101 0303 0202 0202 0203 0101 0202 0202 0303 0202 0102 0303 0101 0303 0202 0404 0303 0402 0202 0404 0101 0203 0202 0303 0101 0401 0202 0303 0101 0404 0303 0404 0303 0404 0404 0404 0101 0404 0303 0303 0202 0103 0101 0202 0301 0104 0304 0101 0101 0101 0101 0101 0403 0303 0303 0101 0304 0404 0201 0402 0404 0303 0101 0101 0202 0201 0404 0404 0401 0404 0202 0303 0101 0303 0303 0404 0204 0303 0202 0303 0103 0101 0404 0303 0202 0402 0101 0403 0402 0404 0202 0101 0103 0404 0303 0104 0202 0404 0204 0103 0103 0303 0303 0101 0404 0304 0404 0304 0303 0403 0202 0404 0404 0303 0303 0202 0304 0303 0302 0101 0404 0202 0303 0202 0201 0404 0101 0104 0204 0302 0404 0202 0404 0304 0404 0402 0202 0403 0401 0202 0303 0202 0101 0101 0101 0404 0202 0104 0303 0402 0404 0202 0202 0202 0403 0203 0301 
32 , 0404 0101 0303 0303 0303 0303 0101 0203 0404 0303 0101 0403 0101 0101 0202 0202 0202 0201 0101 0302 0404 0404 0303 0204 0203 0404 0202 0101 0101 0101 0301 0404 0202 0303 0101 0303 0101 0202 0404 0303 0202 0404 0101 0303 0101 0303 0201 0201 0303 0203 0302 0401 0304 0402 0101 0302 0302 0202 0404 0303 0303 0101 0204 0303 0404 0103 0101 0101 0204 0404 0101 0404 0404 0404 0303 0102 0401 0203 0303 0101 0403 0303 0403 0404 0201 0101 0303 0404 0101 0303 0202 0404 0303 0404 0404 0201 0404 0401 0302 0303 0204 0303 0202 0404 0202 0101 0303 0101 0303 0202 0404 0201 0303 0202 0302 0203 0101 0404 0404 0402 0202 0102 0404 0201 0202 0404 0404 0404 0102 0101 0101 0101 0202 0302 0101 0304 0101 0204 0101 0401 0202 0404 0103 0101 0304 0203 0102 0303 0201 0404 0203 0103 0202 0101 0303 0101 0303 0202 0202 0302 0204 0101 0101 0101 0203 0101 0303 0102 0101 0202 0202 0102 0304 0301 0404 0303 0404 0404 0303 0103 0404 0301 0303 0101 0101 0201 0202 0101 0401 0403 0301 0101 0103 0104 0301 0303 0101 0302 0101 0404 0404 0201 0404 0202 0101 0101 0101 0202 0201 0404 0402 0101 0404 0202 0301 0101 0304 0404 0402 0204 0303 0202 0303 0303 0102 0403 0403 0201 0204 0101 0404 0202 0404 0202 0104 0301 0202 0301 0404 0202 0403 0202 0303 0303 0303 0303 0101 0404 0404 0404 0304 0301 0403 0202 0404 0304 0404 0303 0101 0303 0303 0203 0101 0404 0203 0303 0202 0101 0404 0101 0401 0404 0302 0101 0402 0404 0303 0404 0204 0202 0304 0101 0204 0303 0202 0101 0101 0202 0404 0202 0404 0303 0404 0404 0201 0202 0202 0304 0302 0303 
33 , 0404 0101 0303 0303 0303 0303 0101 0302 0404 0203 0101 0303 0101 0101 0202 0202 0201 0102 0101 0203 0404 0404 0302 0404 0202 0304 0202 0101 0101 0103 0101 0304 0204 0303 0301 0203 0103 0202 0204 0303 0202 0404 0101 0403 0101 0103 0201 0101 0303 0302 0202 0101 0403 0202 0101 0303 0203 0202 0404 0101 0303 0101 0404 0303 0404 0101 0102 0303 0404 0404 0101 0404 0404 0404 0301 0202 0101 0303 0303 0101 0303 0203 0303 0404 0102 0101 0303 0202 0101 0302 0202 0404 0304 0304 0401 0202 0401 0101 0202 0203 0204 0303 0202 0404 0202 0101 0303 0401 0101 0202 0404 0101 0304 0202 0203 0302 0101 0204 0404 0204 0202 0102 0404 0202 0201 0404 0404 0404 0101 0101 0101 0101 0202 0303 0101 0403 0101 0204 0101 0104 0201 0404 0303 0401 0304 0203 0202 0202 0101 0202 0302 0101 0202 0201 0302 0101 0303 0202 0404 0302 0202 0101 0101 0102 0302 0101 0404 0101 0104 0202 0302 0101 0303 0301 0404 0303 0404 0403 0303 0301 0404 0301 0304 0102 0101 0101 0202 0101 0404 0304 0101 0201 0101 0404 0303 0304 0101 0302 0301 0404 0404 0201 0404 0402 0103 0103 0101 0202 0202 0404 0404 0104 0404 0202 0303 0101 0404 0404 0404 0204 0103 0404 0303 0301 0102 0404 0304 0102 0204 0101 0403 0402 0404 0202 0101 0301 0404 0303 0101 0202 0304 0204 0301 0301 0301 0303 0101 0404 0403 0404 0303 0303 0303 0202 0404 0403 0304 0303 0101 0304 0303 0203 0103 0404 0303 0403 0201 0102 0404 0101 0401 0402 0202 0104 0202 0404 0303 0404 0204 0202 0304 0101 0202 0303 0202 0102 0101 0202 0404 0202 0104 0303 0402 0404 0202 0202 0202 0404 0202 0303 
34 , 0404 0101 0303 0303 0303 0303 0101 0303 0404 0303 0101 0403 0101 0101 0202 0202 0102 0101 0103 0302 0404 0104 0202 0202 0202 0404 0202 0101 0101 0101 0101 0303 0402 0303 0101 0302 0101 0202 0202 0303 0202 0404 0101 0303 0101 0303 0202 0101 0303 0202 0202 0101 0404 0202 0101 0202 0303 0202 0404 0103 0101 0303 0404 0303 0404 0101 0201 0103 0402 0204 0101 0401 0404 0404 0101 0102 0401 0202 0202 0101 0303 0202 0303 0403 0201 0101 0302 0404 0101 0303 0202 0404 0303 0304 0104 0101 0101 0101 0302 0302 0202 0303 0202 0404 0202 0101 0303 0401 0301 0202 0404 0101 0403 0202 0303 0303 0101 0404 0404 0402 0102 0101 0404 0101 0202 0404 0404 0404 0202 0101 0301 0101 0202 0303 0101 0303 0102 0404 0103 0101 0202 0101 0301 0101 0403 0302 0202 0302 0101 0204 0302 0101 0202 0101 0303 0101 0303 0202 0404 0302 0402 0202 0101 0101 0303 0201 0403 0101 0101 0202 0302 0101 0303 0301 0404 0303 0104 0404 0404 0301 0404 0103 0304 0201 0101 0101 0202 0101 0104 0303 0103 0101 0301 0101 0101 0303 0301 0203 0101 0404 0404 0102 0404 0402 0303 0101 0101 0202 0202 0404 0404 0404 0404 0201 0303 0101 0403 0403 0404 0202 0303 0202 0303 0303 0202 0403 0404 0202 0402 0101 0404 0402 0404 0202 0104 0101 0404 0303 0401 0202 0403 0204 0303 0301 0303 0303 0101 0101 0404 0404 0304 0303 0304 0202 0404 0403 0304 0301 0102 0303 0303 0202 0101 0404 0203 0303 0201 0202 0404 0101 0101 0402 0202 0104 0202 0404 0303 0404 0402 0202 0303 0101 0202 0303 0202 0102 0101 0202 0404 0201 0101 0303 0204 0404 0102 0302 0202 0404 0203 0103 
35 , 0404 0401 0303 0303 0303 0303 0101 0302 0404 0303 0101 0303 0101 0101 0202 0204 0202 0201 0101 0302 0404 0104 0202 0402 0302 0304 0202 0103 0201 0301 0303 0403 0402 0303 0301 0302 0103 0202 0204 0303 0202 0404 0101 0404 0101 0303 0101 0102 0303 0202 0203 0101 0404 0202 0101 0303 0303 0302 0404 0303 0303 0303 0404 0301 0404 0101 0201 0101 0202 0404 0104 0404 0404 0404 0303 0202 0104 0303 0203 0101 0303 0203 0404 0404 0101 0101 0203 0204 0104 0203 0102 0404 0303 0303 0401 0202 0101 0101 0302 0202 0202 0302 0202 0404 0202 0101 0303 0401 0303 0102 0404 0101 0303 0202 0303 0302 0101 0404 0401 0404 0202 0101 0401 0102 0202 0304 0404 0404 0102 0101 0101 0101 0202 0302 0201 0404 0101 0404 0101 0104 0201 0104 0303 0404 0303 0202 0202 0202 0101 0202 0203 0303 0202 0201 0303 0101 0303 0202 0204 0203 0402 0201 0104 0101 0302 0102 0304 0101 0101 0102 0303 0101 0303 0101 0404 0303 0401 0404 0404 0101 0404 0303 0303 0202 0301 0101 0202 0101 0401 0404 0101 0101 0301 0404 0101 0303 0101 0202 0101 0404 0404 0202 0404 0404 0301 0103 0101 0202 0202 0404 0204 0401 0404 0202 0303 0202 0404 0404 0404 0404 0303 0202 0303 0303 0101 0304 0303 0201 0404 0401 0403 0404 0404 0202 0404 0303 0202 0303 0101 0204 0303 0202 0303 0101 0303 0303 0103 0104 0304 0404 0303 0301 0303 0303 0404 0404 0403 0303 0201 0303 0304 0203 0103 0304 0302 0303 0202 0202 0404 0101 0104 0404 0202 0401 0202 0404 0403 0401 0402 0202 0304 0101 0202 0303 0402 0101 0101 0101 0404 0202 0404 0303 0404 0403 0202 0202 0102 0304 0202 0303 
36 , 0104 0404 0303 0303 0302 0303 0301 0202 0404 0203 0101 0303 0101 0102 0202 0202 0201 0102 0101 0303 0404 0404 0203 0402 0202 0404 0202 0101 0101 0301 0101 0304 0202 0303 0303 0203 0101 0202 0402 0303 0202 0404 0101 0304 0101 0303 0202 0102 0302 0302 0202 0104 0403 0202 0101 0303 0303 0303 0404 0101 0303 0303 0404 0303 0404 0101 0201 0103 0402 0404 0104 0404 0404 0402 0303 0202 0104 0302 0302 0101 0403 0302 0403 0304 0101 0101 0303 0402 0101 0303 0201 0404 0303 0403 0104 0202 0101 0101 0203 0302 0202 0303 0102 0404 0202 0101 0303 0101 0303 0202 0404 0101 0304 0202 0303 0303 0101 0404 0101 0402 0202 0201 0401 0102 0202 0404 0404 0404 0101 0101 0101 0102 0202 0203 0101 0304 0101 0404 0101 0101 0202 0101 0303 0404 0303 0302 0201 0303 0201 0402 0303 0301 0202 0201 0303 0101 0303 0204 0404 0303 0202 0201 0401 0102 0303 0101 0303 0101 0101 0202 0303 0101 0404 0303 0304 0203 0404 0304 0404 0101 0404 0301 0303 0202 0103 0101 0202 0101 0404 0304 0101 0101 0101 0104 0103 0303 0301 0302 0101 0404 0404 0201 0404 0404 0101 0101 0101 0202 0202 0404 0404 0401 0404 0202 0103 0102 0303 0403 0404 0202 0103 0402 0303 0301 0102 0404 0303 0101 0202 0101 0404 0202 0404 0402 0401 0101 0404 0303 0101 0202 0404 0202 0303 0103 0303 0303 0101 0101 0404 0404 0303 0303 0304 0202 0404 0404 0403 0303 0201 0303 0403 0302 0101 0404 0203 0303 0102 0102 0404 0101 0101 0404 0202 0104 0202 0204 0303 0104 0402 0203 0303 0104 0202 0303 0202 0101 0301 0201 0404 0202 0104 0203 0202 0404 0202 0202 0201 0404 0302 0303 
37 , 0404 0404 0103 0303 0302 0303 0101 0302 0404 0302 0101 0303 0101 0201 0202 0402 0101 0201 0101 0203 0404 0401 0202 0202 0203 0404 0202 0101 0101 0101 0103 0304 0402 0304 0303 0303 0101 0202 0402 0303 0202 0204 0101 0404 0101 0303 0202 0201 0303 0202 0202 0101 0404 0202 0101 0202 0303 0202 0404 0101 0303 0303 0204 0103 0101 0101 0201 0101 0204 0404 0101 0401 0404 0404 0303 0201 0104 0303 0202 0101 0303 0303 0304 0404 0201 0101 0302 0404 0401 0303 0202 0404 0303 0304 0104 0202 0104 0101 0302 0203 0402 0302 0202 0404 0202 0101 0301 0101 0303 0102 0402 0101 0304 0202 0202 0303 0101 0404 0404 0204 0202 0101 0404 0101 0202 0404 0404 0104 0101 0101 0103 0101 0202 0303 0101 0303 0101 0404 0103 0401 0202 0104 0101 0104 0303 0302 0202 0202 0101 0202 0302 0101 0202 0101 0303 0301 0303 0202 0404 0203 0204 0101 0101 0202 0303 0102 0303 0101 0101 0202 0303 0102 0403 0303 0404 0303 0404 0404 0403 0101 0104 0303 0303 0202 0101 0101 0202 0101 0101 0303 0301 0201 0303 0401 0101 0303 0301 0302 0101 0404 0404 0102 0404 0202 0303 0101 0101 0202 0102 0404 0404 0104 0404 0202 0103 0101 0303 0404 0404 0404 0103 0204 0303 0103 0202 0404 0304 0102 0204 0101 0404 0202 0204 0202 0101 0103 0404 0303 0404 0202 0304 0204 0303 0103 0303 0303 0101 0104 0404 0104 0303 0303 0404 0203 0404 0404 0403 0301 0101 0303 0303 0203 0101 0404 0202 0303 0202 0202 0404 0101 0101 0402 0202 0404 0202 0404 0403 0404 0404 0202 0303 0101 0402 0303 0202 0101 0101 0201 0303 0202 0101 0203 0404 0404 0202 0202 0202 0404 0202 0303 
38 , 0404 0104 0303 0303 0203 0303 0101 0203 0404 0303 0103 0304 0101 0101 0202 0202 0202 0202 0101 0302 0404 0104 0202 0202 0202 0404 0202 0101 0101 0103 0301 0304 0204 0403 0103 0303 0101 0202 0204 0303 0202 0404 0101 0404 0301 0301 0201 0201 0303 0202 0202 0101 0404 0202 0101 0303 0303 0202 0404 0103 0303 0301 0404 0303 0404 0101 0201 0101 0404 0404 0101 0104 0404 0404 0303 0202 0101 0203 0303 0101 0303 0303 0303 0404 0201 0101 0302 0402 0101 0303 0202 0404 0303 0303 0404 0102 0401 0404 0302 0302 0202 0303 0202 0404 0201 0104 0303 0101 0103 0202 0204 0101 0303 0202 0303 0203 0101 0404 0404 0402 0202 0101 0104 0202 0202 0404 0104 0404 0101 0101 0101 0101 0202 0303 0101 0304 0101 0404 0101 0104 0201 0404 0103 0401 0303 0302 0202 0202 0101 0202 0303 0101 0202 0101 0302 0101 0303 0202 0404 0303 0202 0202 0101 0201 0303 0202 0303 0101 0101 0202 0203 0201 0403 0303 0404 0303 0404 0304 0304 0101 0404 0101 0304 0202 0301 0201 0202 0101 0404 0303 0101 0102 0103 0404 0301 0304 0101 0302 0103 0404 0404 0202 0404 0404 0303 0101 0101 0202 0202 0404 0402 0101 0404 0202 0301 0101 0303 0404 0404 0404 0101 0404 0303 0303 0202 0404 0403 0102 0404 0101 0404 0202 0404 0404 0101 0103 0202 0303 0101 0402 0403 0202 0301 0303 0303 0303 0103 0101 0304 0404 0303 0301 0303 0202 0404 0404 0404 0103 0202 0303 0303 0303 0101 0404 0302 0303 0202 0101 0404 0101 0404 0204 0202 0401 0202 0404 0304 0404 0402 0202 0403 0101 0202 0303 0202 0102 0301 0202 0403 0202 0401 0303 0204 0404 0202 0302 0201 0403 0202 0303 
39 , 0404 0404 0303 0304 0303 0303 0101 0303 0104 0203 0101 0303 0101 0101 0202 0202 0201 0202 0101 0303 0404 0401 0202 0202 0302 0404 0202 0101 0101 0103 0301 0304 0204 0403 0303 0202 0101 0202 0202 0303 0202 0404 0101 0403 0101 0303 0202 0201 0303 0202 0202 0104 0404 0404 0101 0303 0303 0202 0101 0303 0303 0303 0404 0103 0404 0101 0201 0101 0404 0404 0104 0404 0404 0404 0101 0102 0401 0303 0302 0101 0304 0202 0304 0403 0201 0101 0303 0202 0104 0302 0202 0401 0403 0404 0101 0102 0101 0101 0303 0303 0202 0303 0202 0404 0202 0101 0303 0101 0101 0102 0404 0102 0303 0202 0203 0203 0101 0404 0101 0402 0202 0102 0404 0101 0202 0404 0404 0404 0101 0101 0103 0101 0203 0303 0201 0303 0101 0404 0101 0404 0202 0404 0303 0101 0303 0302 0201 0303 0101 0202 0303 0101 0202 0201 0303 0101 0103 0202 0404 0302 0402 0101 0101 0201 0302 0202 0304 0101 0101 0102 0302 0101 0304 0101 0404 0303 0101 0404 0403 0103 0404 0103 0303 0202 0301 0101 0202 0101 0104 0404 0101 0101 0101 0104 0101 0304 0103 0203 0101 0404 0404 0202 0404 0202 0303 0101 0101 0202 0102 0404 0404 0401 0404 0201 0103 0101 0403 0403 0404 0202 0301 0202 0303 0301 0202 0303 0304 0202 0404 0104 0404 0204 0404 0202 0101 0303 0204 0301 0401 0402 0303 0202 0303 0103 0303 0303 0101 0404 0404 0404 0303 0303 0304 0202 0404 0403 0403 0303 0101 0303 0303 0302 0101 0404 0202 0303 0202 0202 0404 0101 0401 0404 0202 0404 0202 0404 0303 0404 0202 0202 0304 0401 0202 0303 0202 0101 0101 0202 0404 0202 0401 0303 0402 0404 0202 0202 0202 0404 0302 0101 
40 , 0404 0104 0303 0403 0303 0303 0101 0303 0404 0203 0101 0303 0101 0201 0202 0202 0202 0202 0103 0302 0404 0401 0202 0202 0202 0304 0202 0101 0101 0101 0301 0403 0204 0303 0303 0203 0101 0202 0402 0403 0203 0404 0101 0303 0101 0303 0102 0202 0303 0202 0202 0101 0404 0204 0101 0203 0303 0302 0404 0101 0303 0101 0404 0303 0104 0103 0202 0101 0202 0402 0101 0404 0404 0404 0301 0202 0401 0203 0303 0101 0304 0302 0303 0404 0201 0101 0303 0404 0101 0303 0202 0404 0403 0303 0104 0201 0401 0101 0303 0302 0402 0303 0202 0404 0202 0101 0303 0101 0103 0202 0204 0101 0303 0302 0303 0203 0101 0404 0404 0204 0102 0101 0404 0101 0202 0304 0104 0401 0201 0101 0101 0101 0302 0302 0101 0303 0101 0404 0301 0101 0202 0104 0303 0104 0303 0302 0102 0202 0201 0204 0303 0103 0202 0201 0202 0101 0303 0202 0404 0203 0402 0202 0101 0102 0203 0101 0403 0101 0101 0202 0303 0101 0304 0103 0404 0303 0404 0304 0403 0101 0401 0101 0304 0201 0101 0101 0202 0101 0401 0303 0103 0101 0301 0104 0103 0303 0101 0302 0101 0404 0404 0202 0404 0402 0303 0101 0103 0202 0202 0404 0402 0101 0404 0202 0101 0102 0304 0404 0404 0404 0103 0402 0303 0301 0202 0404 0303 0202 0404 0101 0404 0202 0404 0202 0401 0301 0204 0101 0104 0202 0403 0402 0103 0301 0303 0303 0101 0101 0404 0404 0303 0103 0303 0202 0404 0403 0303 0303 0201 0303 0303 0303 0103 0404 0303 0303 0202 0201 0402 0101 0404 0404 0302 0401 0202 0204 0304 0404 0202 0202 0303 0101 0202 0303 0402 0201 0103 0202 0404 0201 0401 0303 0204 0303 0202 0202 0102 0404 0202 0103 
41 , 0404 0401 0303 0403 0303 0303 0101 0303 0404 0202 0101 0304 0101 0201 0202 0202 0202 0102 0101 0202 0404 0401 0202 0202 0302 0403 0202 0101 0101 0101 0101 0403 0402 0303 0303 0202 0103 0204 0204 0303 0202 0404 0101 0303 0101 0101 0202 0102 0303 0202 0202 0101 0403 0202 0103 0203 0203 0302 0404 0301 0103 0301 0404 0303 0101 0101 0102 0301 0402 0404 0101 0404 0401 0404 0301 0102 0401 0302 0203 0101 0403 0302 0303 0404 0202 0101 0303 0404 0101 0303 0202 0101 0303 0303 0401 0202 0101 0101 0202 0302 0402 0302 0202 0404 0202 0101 0303 0104 0301 0201 0402 0101 0303 0203 0303 0203 0101 0404 0104 0204 0102 0101 0104 0202 0202 0404 0104 0101 0102 0101 0301 0101 0202 0203 0202 0303 0101 0404 0101 0101 0202 0401 0301 0401 0303 0302 0202 0302 0101 0202 0302 0101 0202 0102 0303 0101 0301 0202 0404 0302 0402 0201 0104 0201 0302 0101 0304 0101 0101 0202 0303 0102 0403 0303 0404 0302 0104 0304 0403 0101 0404 0301 0304 0202 0101 0101 0202 0101 0104 0303 0101 0101 0301 0101 0103 0303 0303 0302 0101 0404 0304 0202 0404 0402 0103 0101 0103 0201 0102 0204 0404 0101 0104 0201 0103 0102 0304 0404 0404 0402 0303 0204 0303 0103 0102 0404 0303 0202 0404 0104 0403 0202 0404 0202 0101 0301 0202 0101 0101 0202 0303 0204 0303 0303 0303 0303 0101 0401 0404 0404 0303 0101 0404 0202 0104 0303 0304 0303 0202 0403 0303 0302 0103 0404 0202 0303 0202 0201 0404 0101 0401 0404 0202 0404 0202 0404 0404 0404 0402 0202 0303 0101 0202 0303 0202 0101 0301 0202 0404 0202 0404 0302 0402 0404 0202 0202 0202 0404 0202 0303 
42 , 0404 0104 0303 0303 0302 0303 0301 0202 0404 0203 0101 0303 0101 0101 0202 0204 0202 0202 0301 0202 0404 0104 0202 0204 0202 0304 0202 0101 0102 0301 0303 0403 0404 0303 0101 0203 0101 0402 0404 0303 0202 0404 0101 0304 0101 0303 0101 0201 0302 0202 0302 0104 0304 0402 0101 0302 0303 0302 0404 0301 0303 0303 0404 0301 0401 0101 0202 0301 0404 0404 0101 0104 0404 0404 0301 0201 0104 0303 0303 0102 0304 0302 0404 0404 0201 0101 0303 0404 0101 0303 0202 0404 0304 0303 0404 0201 0104 0101 0202 0302 0204 0303 0202 0104 0202 0401 0303 0101 0303 0201 0404 0101 0304 0202 0303 0302 0101 0404 0404 0404 0202 0101 0404 0102 0202 0304 0404 0404 0101 0101 0101 0101 0202 0303 0201 0403 0102 0404 0101 0404 0101 0101 0303 0404 0403 0203 0202 0203 0102 0402 0303 0101 0202 0101 0203 0101 0303 0202 0404 0302 0202 0201 0401 0202 0303 0101 0403 0101 0101 0202 0303 0101 0304 0103 0404 0303 0404 0403 0404 0101 0404 0103 0304 0202 0301 0101 0202 0101 0404 0403 0101 0102 0103 0101 0101 0303 0101 0203 0101 0404 0404 0202 0404 0404 0103 0103 0101 0202 0102 0404 0404 0101 0404 0201 0303 0101 0303 0304 0404 0402 0103 0402 0303 0303 0102 0303 0303 0101 0404 0401 0403 0202 0404 0202 0101 0301 0404 0303 0101 0202 0404 0404 0303 0303 0303 0303 0101 0101 0404 0104 0303 0303 0303 0202 0401 0403 0404 0101 0202 0303 0303 0303 0101 0404 0203 0304 0202 0102 0404 0101 0104 0404 0202 0104 0202 0404 0404 0104 0204 0202 0403 0101 0202 0303 0402 0102 0101 0202 0404 0202 0404 0303 0202 0404 0202 0202 0202 0404 0302 0103 
43 , 0404 0401 0303 0303 0203 0303 0101 0203 0104 0303 0101 0303 0101 0101 0202 0204 0202 0202 0101 0202 0404 0404 0202 0202 0202 0404 0202 0101 0102 0103 0303 0404 0204 0303 0303 0203 0101 0404 0402 0303 0202 0404 0101 0303 0101 0303 0202 0201 0302 0202 0202 0101 0304 0402 0101 0202 0203 0203 0404 0303 0301 0101 0404 0103 0404 0101 0101 0101 0204 0404 0101 0401 0404 0404 0303 0202 0101 0303 0302 0101 0403 0303 0403 0404 0201 0401 0303 0404 0101 0303 0102 0404 0304 0303 0404 0102 0101 0101 0202 0303 0202 0203 0202 0404 0202 0101 0303 0104 0103 0202 0404 0101 0303 0202 0302 0302 0301 0404 0404 0204 0202 0101 0404 0102 0102 0403 0404 0104 0101 0101 0103 0101 0302 0303 0201 0303 0101 0404 0101 0101 0202 0401 0103 0101 0303 0202 0202 0302 0101 0202 0302 0101 0102 0101 0203 0101 0301 0202 0404 0303 0202 0101 0104 0202 0202 0202 0303 0101 0101 0201 0303 0101 0304 0103 0304 0303 0401 0404 0303 0101 0404 0101 0303 0202 0101 0101 0202 0101 0401 0303 0101 0101 0303 0104 0101 0303 0301 0303 0101 0404 0404 0201 0404 0204 0303 0303 0301 0201 0201 0402 0404 0401 0404 0202 0101 0101 0304 0403 0404 0402 0303 0204 0303 0101 0202 0303 0303 0101 0404 0101 0404 0202 0404 0402 0101 0303 0402 0101 0101 0202 0404 0202 0103 0303 0303 0303 0101 0101 0404 0104 0304 0101 0303 0302 0404 0304 0303 0303 0101 0303 0303 0203 0101 0404 0203 0303 0102 0101 0404 0101 0101 0404 0202 0404 0202 0402 0303 0404 0204 0303 0303 0404 0402 0303 0202 0101 0101 0201 0404 0202 0404 0303 0204 0404 0202 0202 0202 0404 0202 0301 
324.503086 0.025862 -0.007968 0.309241 2.000000 206.488372 71.255814 -1.000000 -1.000000
