Auto-generated genotype output.
1
2
3
4
5
6
7
8
9
10
11
12
13
14
15
16
17
18
19
20
21
22
23
24
25
26
27
28
29
30
31
32
33
34
35
36
37
38
39
40
41
42
43
44
45
46
47
48
49
50
Pop
1 , 0103 0303 0202 0404 0303 0404 0303 0103 0404 0404 0204 0404 0101 0101 0101 0101 0103 0101 0303 0101 0404 0403 0303 0303 0101 0101 0404 0404 0202 0301 0404 0404 0202 0101 0101 0303 0202 0302 0402 0103 0303 0202 0202 0104 0202 0303 0402 0202 0202 0303 
2 , 0303 0403 0202 0101 0303 0404 0403 0303 0404 0404 0202 0204 0101 0101 0101 0102 0103 0102 0101 0101 0404 0404 0303 0303 0101 0101 0404 0403 0202 0103 0304 0401 0202 0102 0102 0303 0202 0202 0202 0303 0103 0202 0202 0401 0402 0202 0202 0102 0101 0302 
3 , 0303 0403 0202 0101 0303 0404 0403 0101 0404 0404 0402 0204 0301 0101 0101 0102 0103 0101 0303 0101 0404 0403 0303 0303 0101 0101 0204 0404 0202 0101 0403 0104 0202 0201 0102 0302 0202 0303 0202 0303 0301 0202 0402 0101 0202 0303 0202 0102 0101 0302 
4 , 0303 0303 0202 0104 0303 0204 0403 0101 0404 0404 0402 0202 0101 0103 0101 0202 0101 0101 0103 0101 0404 0304 0303 0301 0101 0101 0404 0403 0202 0101 0404 0401 0204 0101 0101 0303 0202 0302 0402 0101 0303 0302 0202 0401 0202 0203 0204 0101 0102 0202 
5 , 0303 0304 0202 0101 0301 0404 0304 0101 0404 0404 0404 0404 0101 0103 0101 0201 0103 0101 0103 0101 0404 0404 0303 0303 0101 0102 0404 0404 0202 0303 0304 0104 0202 0101 0101 0303 0202 0303 0204 0303 0303 0202 0202 0401 0204 0303 0202 0101 0201 0202 
6 , 0303 0303 0402 0101 0301 0404 0303 0101 0404 0404 0202 0404 0301 0101 0101 0201 0101 0101 0303 0101 0404 0404 0303 0301 0101 0101 0404 0404 0204 0101 0404 0104 0202 0201 0102 0303 0204 0302 0202 0303 0303 0202 0202 0401 0202 0203 0202 0102 0101 0303 
7 , 0303 0303 0202 0101 0303 0404 0303 0101 0404 0404 0202 0404 0101 0101 0101 0102 0101 0101 0101 0101 0404 0304 0303 0303 0101 0101 0404 0404 0204 0101 0403 0404 0202 0101 0102 0303 0202 0202 0402 0301 0303 0202 0202 0404 0202 0303 0202 0201 0201 0203 
8 , 0303 0403 0202 0101 0303 0404 0304 0101 0104 0304 0202 0404 0101 0101 0101 0202 0103 0201 0103 0101 0404 0304 0303 0303 0101 0201 0404 0304 0204 0101 0404 0404 0202 0201 0101 0303 0204 0302 0204 0303 0301 0202 0202 0101 0202 0302 0202 0201 0202 0302 
9 , 0303 0303 0202 0101 0103 0404 0304 0101 0404 0404 0404 0404 0101 0101 0101 0201 0301 0102 0103 0101 0404 0404 0303 0303 0103 0101 0404 0403 0202 0101 0304 0404 0204 0101 0102 0303 0404 0202 0202 0303 0303 0202 0202 0101 0202 0303 0202 0201 0201 0202 
10 , 0103 0303 0202 0101 0103 0404 0404 0103 0104 0404 0402 0404 0101 0101 0101 0102 0101 0101 0101 0101 0401 0404 0303 0103 0101 0101 0404 0404 0202 0103 0404 0404 0202 0102 0201 0303 0202 0302 0404 0303 0303 0202 0202 0101 0202 0303 0204 0101 0201 0203 
11 , 0303 0303 0202 0101 0303 0404 0303 0101 0404 0404 0202 0404 0101 0101 0101 0202 0101 0201 0301 0101 0404 0303 0303 0303 0101 0101 0404 0303 0202 0301 0404 0404 0402 0101 0101 0303 0202 0303 0402 0303 0303 0302 0202 0404 0202 0302 0202 0201 0201 0302 
12 , 0303 0303 0202 0104 0303 0404 0403 0101 0104 0404 0202 0402 0101 0101 0201 0201 0101 0101 0101 0101 0404 0303 0403 0301 0101 0102 0404 0403 0202 0103 0404 0401 0202 0101 0102 0303 0202 0202 0402 0303 0303 0302 0202 0404 0202 0203 0204 0201 0201 0203 
13 , 0303 0303 0202 0101 0303 0404 0304 0101 0404 0404 0202 0404 0101 0101 0101 0201 0101 0201 0103 0101 0404 0403 0303 0303 0101 0101 0404 0403 0202 0301 0404 0404 0204 0202 0102 0303 0202 0202 0202 0301 0303 0202 0202 0401 0202 0303 0202 0101 0102 0202 
14 , 0301 0303 0402 0101 0303 0404 0403 0103 0404 0404 0202 0404 0101 0101 0102 0101 0103 0101 0303 0101 0401 0404 0303 0303 0101 0101 0404 0404 0202 0101 0404 0401 0202 0101 0201 0303 0402 0303 0202 0303 0303 0202 0202 0101 0202 0303 0202 0101 0101 0202 
15 , 0303 0303 0202 0101 0303 0404 0404 0301 0404 0404 0202 0204 0101 0101 0101 0101 0101 0102 0303 0101 0404 0403 0303 0303 0101 0101 0404 0404 0202 0101 0304 0104 0202 0101 0201 0303 0202 0202 0202 0303 0303 0202 0202 0404 0202 0202 0204 0202 0101 0302 
16 , 0303 0303 0202 0101 0301 0404 0303 0101 0404 0404 0204 0204 0301 0101 0101 0102 0303 0201 0103 0101 0404 0403 0303 0301 0103 0101 0404 0404 0202 0303 0404 0404 0202 0101 0201 0303 0402 0302 0204 0303 0303 0202 0202 0404 0202 0303 0202 0101 0202 0202 
17 , 0303 0303 0202 0101 0103 0404 0304 0103 0404 0404 0404 0404 0101 0101 0101 0201 0301 0202 0103 0101 0404 0404 0303 0303 0101 0101 0404 0403 0202 0301 0404 0404 0202 0101 0101 0303 0202 0302 0204 0103 0301 0202 0202 0101 0204 0303 0202 0201 0202 0203 
18 , 0103 0304 0202 0101 0301 0404 0404 0301 0404 0404 0202 0404 0301 0101 0101 0101 0101 0101 0101 0101 0404 0403 0303 0303 0101 0101 0404 0404 0202 0103 0403 0401 0202 0201 0101 0302 0202 0202 0202 0303 0303 0202 0202 0101 0402 0203 0202 0102 0102 0202 
19 , 0103 0404 0202 0101 0301 0404 0304 0101 0404 0404 0404 0404 0103 0101 0101 0102 0101 0101 0303 0101 0404 0404 0303 0303 0101 0101 0404 0303 0202 0301 0304 0404 0204 0101 0201 0303 0202 0302 0402 0303 0303 0203 0202 0101 0202 0303 0202 0202 0202 0203 
20 , 0303 0304 0202 0101 0103 0402 0304 0103 0404 0404 0202 0402 0101 0101 0101 0202 0103 0101 0103 0101 0404 0403 0303 0303 0101 0101 0404 0403 0202 0101 0403 0401 0202 0101 0101 0303 0202 0202 0202 0303 0303 0202 0204 0404 0202 0202 0202 0101 0201 0202 
21 , 0303 0303 0202 0101 0301 0404 0303 0101 0104 0404 0404 0204 0101 0103 0101 0201 0101 0102 0101 0401 0101 0404 0304 0303 0101 0101 0204 0404 0202 0103 0403 0104 0202 0201 0201 0303 0202 0202 0202 0103 0301 0202 0204 0404 0202 0303 0202 0201 0101 0302 
22 , 0303 0403 0202 0101 0303 0404 0303 0101 0401 0404 0202 0402 0101 0103 0101 0202 0303 0201 0101 0101 0104 0403 0303 0101 0101 0101 0404 0403 0202 0101 0404 0101 0202 0102 0101 0303 0202 0302 0202 0303 0303 0202 0202 0104 0202 0303 0202 0201 0101 0303 
23 , 0103 0404 0202 0101 0301 0404 0303 0101 0404 0404 0204 0404 0101 0101 0101 0201 0303 0101 0301 0104 0404 0404 0303 0303 0301 0101 0404 0404 0202 0103 0403 0404 0202 0101 0201 0303 0202 0202 0402 0303 0303 0302 0202 0104 0202 0303 0202 0101 0102 0302 
24 , 0301 0303 0204 0101 0303 0402 0303 0103 0404 0404 0202 0204 0101 0103 0201 0101 0101 0101 0301 0101 0404 0304 0304 0103 0301 0101 0404 0404 0202 0101 0404 0401 0202 0102 0201 0303 0202 0203 0204 0303 0301 0202 0202 0404 0202 0303 0402 0101 0202 0202 
378.502646 0.049091 0.006616 0.290254 2.000000 35.583333 10.601449 -1.000000 -1.000000
