Auto-generated genotype output.
1
2
3
4
5
6
7
8
9
10
11
12
13
14
15
16
17
18
19
20
21
22
23
24
25
26
27
28
29
30
31
32
33
34
35
36
37
38
39
40
41
42
43
44
45
46
47
48
49
50
51
52
53
54
55
56
57
58
59
60
61
62
63
64
65
66
67
68
69
70
71
72
73
74
75
76
77
78
79
80
81
82
83
84
85
86
87
88
89
90
91
92
93
94
95
96
97
98
99
100
Pop
1 , 0202 0404 0103 0301 0404 0303 0403 0404 0202 0303 0203 0303 0404 0104 0101 0101 0303 0101 0301 0303 0202 0404 0302 0303 0303 0101 0102 0202 0202 0202 0101 0401 0102 0303 0403 0302 0101 0303 0201 0303 0401 0404 0303 0101 0303 0404 0204 0101 0402 0101 0404 0101 0103 0202 0202 0404 0202 0102 0203 0101 0304 0303 0403 0202 0204 0303 0202 0404 0104 0404 0101 0104 0404 0303 0202 0101 0202 0101 0401 0202 0404 0202 0204 0202 0303 0101 0101 0303 0103 0302 0101 0202 0103 0403 0202 0301 0401 0303 0202 0104 
2 , 0201 0404 0103 0303 0404 0404 0404 0101 0202 0303 0203 0304 0104 0101 0102 0102 0303 0301 0101 0404 0402 0404 0202 0404 0303 0201 0202 0202 0202 0302 0404 0404 0102 0303 0404 0202 0103 0303 0102 0303 0101 0404 0103 0101 0203 0303 0204 0101 0202 0102 0101 0102 0101 0202 0202 0404 0203 0101 0302 0202 0303 0303 0303 0202 0202 0203 0204 0404 0404 0104 0101 0401 0104 0303 0303 0303 0202 0202 0101 0203 0404 0202 0404 0204 0303 0201 0101 0303 0103 0302 0101 0203 0103 0404 0202 0303 0104 0103 0202 0401 
3 , 0102 0404 0103 0303 0401 0403 0404 0401 0202 0103 0303 0303 0104 0101 0101 0202 0301 0101 0301 0404 0204 0404 0202 0403 0404 0101 0101 0202 0202 0302 0401 0104 0101 0302 0403 0302 0301 0301 0201 0303 0404 0404 0303 0301 0203 0303 0202 0101 0404 0201 0101 0102 0301 0202 0202 0404 0202 0101 0303 0201 0303 0403 0304 0202 0202 0303 0402 0101 0401 0101 0301 0404 0101 0303 0303 0101 0202 0202 0104 0202 0404 0202 0204 0202 0403 0101 0101 0103 0303 0202 0101 0202 0303 0403 0202 0301 0104 0303 0202 0104 
4 , 0102 0404 0101 0303 0401 0403 0404 0101 0101 0303 0303 0303 0101 0101 0101 0202 0303 0101 0101 0303 0202 0404 0202 0303 0403 0201 0102 0202 0202 0302 0404 0104 0102 0303 0404 0202 0103 0303 0202 0404 0101 0404 0303 0101 0303 0303 0202 0104 0202 0101 0101 0101 0301 0202 0202 0404 0202 0102 0303 0202 0404 0303 0303 0202 0202 0303 0202 0101 0404 0401 0101 0404 0104 0303 0303 0101 0202 0202 0101 0202 0404 0101 0402 0202 0304 0101 0101 0303 0103 0302 0202 0202 0103 0404 0202 0301 0101 0303 0303 0101 
5 , 0102 0404 0101 0303 0404 0403 0403 0104 0101 0303 0303 0303 0101 0101 0101 0201 0303 0101 0101 0403 0202 0404 0202 0303 0304 0101 0201 0202 0202 0302 0101 0404 0101 0302 0404 0303 0301 0303 0202 0303 0104 0404 0103 0103 0203 0404 0402 0101 0202 0201 0101 0101 0103 0202 0402 0404 0202 0202 0302 0101 0304 0303 0303 0202 0204 0303 0202 0101 0404 0101 0101 0401 0104 0303 0203 0101 0202 0202 0101 0202 0202 0202 0202 0202 0303 0101 0101 0303 0101 0202 0101 0202 0103 0404 0204 0301 0401 0303 0202 0401 
6 , 0102 0404 0103 0101 0404 0404 0304 0101 0102 0303 0303 0304 0401 0101 0202 0202 0303 0101 0301 0303 0202 0401 0202 0303 0303 0102 0102 0202 0202 0202 0104 0104 0202 0303 0304 0202 0303 0303 0202 0303 0401 0404 0303 0101 0303 0403 0204 0104 0202 0102 0401 0202 0101 0202 0202 0404 0203 0101 0202 0102 0403 0303 0404 0202 0402 0303 0204 0404 0101 0104 0101 0101 0401 0303 0303 0303 0202 0101 0401 0203 0404 0202 0204 0202 0303 0102 0101 0303 0303 0203 0101 0202 0103 0404 0202 0103 0401 0303 0202 0401 
7 , 0202 0404 0101 0301 0404 0303 0403 0101 0102 0303 0202 0303 0101 0101 0101 0201 0303 0101 0101 0404 0202 0104 0202 0304 0304 0201 0201 0202 0202 0202 0101 0401 0102 0303 0303 0202 0303 0303 0102 0303 0101 0404 0301 0301 0302 0303 0204 0401 0402 0101 0101 0101 0101 0201 0202 0404 0202 0201 0303 0102 0304 0303 0303 0302 0402 0303 0202 0401 0101 0401 0101 0401 0401 0303 0302 0103 0204 0201 0104 0202 0404 0102 0202 0202 0303 0101 0101 0303 0301 0203 0101 0202 0101 0404 0202 0101 0104 0303 0202 0404 
8 , 0102 0404 0101 0301 0104 0303 0404 0401 0101 0301 0303 0303 0401 0101 0101 0101 0303 0101 0303 0403 0404 0404 0202 0304 0303 0201 0201 0202 0102 0202 0101 0401 0201 0302 0303 0203 0303 0303 0201 0303 0101 0401 0303 0301 0303 0303 0202 0101 0402 0101 0101 0101 0101 0201 0202 0403 0202 0101 0303 0102 0403 0303 0404 0202 0402 0303 0202 0101 0101 0101 0301 0101 0101 0303 0203 0103 0402 0202 0104 0202 0404 0202 0402 0202 0303 0202 0101 0301 0301 0303 0101 0202 0101 0404 0204 0301 0401 0303 0202 0401 
9 , 0101 0404 0103 0303 0104 0404 0403 0101 0101 0303 0203 0303 0101 0101 0101 0202 0303 0103 0301 0304 0402 0401 0202 0403 0303 0202 0102 0202 0101 0203 0104 0104 0201 0303 0304 0303 0301 0303 0202 0303 0101 0404 0303 0101 0303 0304 0202 0104 0204 0102 0101 0102 0101 0201 0202 0304 0202 0101 0303 0101 0303 0303 0303 0202 0202 0303 0402 0104 0401 0404 0101 0404 0401 0303 0303 0103 0202 0202 0101 0202 0202 0202 0202 0202 0303 0202 0103 0303 0103 0203 0102 0202 0101 0404 0202 0103 0404 0301 0302 0401 
10 , 0201 0404 0101 0303 0404 0304 0404 0101 0201 0303 0203 0303 0104 0101 0101 0202 0303 0101 0101 0304 0202 0404 0302 0303 0304 0101 0202 0202 0202 0302 0401 0404 0102 0302 0404 0203 0103 0303 0202 0303 0101 0404 0303 0101 0302 0403 0404 0101 0404 0101 0101 0102 0101 0202 0204 0303 0302 0101 0303 0102 0303 0303 0403 0202 0404 0303 0202 0404 0404 0101 0101 0101 0401 0303 0303 0301 0202 0102 0104 0202 0404 0201 0202 0202 0303 0101 0101 0303 0303 0303 0202 0202 0103 0404 0204 0103 0104 0303 0202 0404 
11 , 0202 0404 0303 0103 0404 0303 0404 0101 0102 0303 0303 0303 0401 0101 0101 0201 0303 0101 0101 0404 0202 0404 0202 0304 0303 0201 0201 0202 0102 0302 0401 0101 0201 0202 0404 0203 0301 0303 0202 0303 0101 0404 0303 0101 0202 0403 0202 0401 0404 0101 0101 0201 0101 0202 0202 0404 0202 0101 0303 0102 0304 0303 0404 0202 0202 0203 0202 0104 0404 0104 0101 0101 0101 0303 0303 0101 0202 0202 0401 0202 0404 0201 0204 0202 0303 0101 0101 0303 0303 0203 0101 0202 0103 0403 0202 0103 0104 0303 0202 0404 
12 , 0202 0404 0301 0303 0401 0304 0404 0101 0202 0303 0203 0403 0104 0101 0101 0101 0303 0101 0101 0403 0404 0404 0202 0304 0303 0202 0102 0102 0202 0302 0101 0104 0101 0203 0304 0303 0303 0303 0202 0303 0101 0404 0103 0303 0303 0304 0202 0101 0402 0101 0101 0101 0101 0202 0402 0404 0202 0101 0303 0201 0303 0303 0403 0202 0404 0303 0202 0401 0101 0101 0101 0404 0401 0303 0303 0301 0202 0202 0101 0202 0404 0101 0402 0204 0303 0201 0101 0303 0103 0303 0101 0202 0101 0404 0204 0303 0104 0303 0202 0104 
13 , 0102 0404 0101 0303 0404 0403 0404 0101 0202 0103 0203 0303 0404 0101 0101 0102 0303 0101 0101 0404 0202 0104 0202 0403 0303 0202 0102 0202 0201 0303 0101 0401 0201 0302 0403 0303 0303 0303 0202 0303 0101 0404 0303 0101 0303 0303 0202 0101 0404 0101 0101 0101 0103 0202 0202 0403 0202 0101 0302 0101 0303 0303 0403 0202 0402 0303 0202 0104 0104 0101 0101 0401 0404 0303 0302 0101 0202 0101 0101 0202 0404 0102 0402 0202 0303 0201 0101 0103 0101 0202 0102 0202 0103 0304 0202 0103 0404 0301 0202 0404 
14 , 0202 0404 0103 0303 0404 0303 0404 0101 0202 0103 0202 0303 0401 0101 0201 0101 0303 0103 0301 0404 0202 0404 0202 0304 0303 0102 0102 0202 0101 0303 0104 0404 0102 0302 0304 0202 0303 0303 0101 0303 0401 0404 0303 0301 0202 0403 0402 0401 0204 0101 0101 0101 0101 0202 0202 0403 0202 0102 0203 0101 0303 0304 0304 0303 0202 0303 0202 0404 0401 0101 0101 0104 0404 0303 0302 0303 0202 0202 0104 0202 0404 0202 0402 0202 0303 0101 0301 0303 0303 0303 0101 0302 0101 0404 0204 0103 0104 0303 0302 0101 
15 , 0102 0404 0103 0303 0104 0404 0404 0101 0101 0303 0302 0303 0401 0101 0201 0202 0303 0103 0103 0303 0204 0401 0202 0304 0303 0202 0202 0202 0202 0202 0401 0401 0101 0203 0404 0203 0103 0303 0101 0303 0101 0404 0303 0103 0203 0403 0204 0101 0202 0101 0101 0101 0101 0202 0204 0403 0202 0101 0302 0201 0303 0303 0304 0202 0204 0303 0202 0401 0404 0101 0101 0401 0104 0303 0303 0301 0204 0202 0101 0202 0404 0202 0202 0202 0303 0102 0101 0103 0101 0202 0101 0202 0103 0404 0202 0303 0404 0303 0203 0401 
16 , 0202 0404 0103 0103 0104 0303 0404 0101 0102 0303 0303 0303 0104 0101 0101 0202 0303 0101 0301 0403 0202 0401 0202 0303 0304 0101 0101 0202 0202 0303 0401 0104 0101 0203 0404 0202 0303 0303 0202 0303 0401 0404 0303 0301 0302 0304 0202 0101 0202 0201 0104 0102 0101 0202 0202 0303 0202 0101 0202 0201 0403 0303 0403 0202 0204 0302 0202 0404 0404 0101 0301 0401 0101 0303 0303 0301 0202 0202 0104 0202 0402 0102 0204 0202 0303 0201 0101 0103 0101 0303 0102 0202 0103 0404 0202 0101 0101 0303 0202 0104 
17 , 0201 0404 0103 0303 0401 0403 0304 0104 0201 0303 0303 0303 0401 0101 0101 0202 0303 0101 0301 0304 0202 0404 0202 0403 0403 0201 0102 0202 0202 0203 0401 0404 0201 0203 0303 0303 0103 0303 0102 0303 0101 0104 0301 0103 0302 0304 0404 0101 0402 0101 0101 0101 0101 0202 0202 0404 0202 0101 0303 0202 0304 0303 0304 0202 0404 0303 0204 0404 0101 0101 0101 0401 0404 0303 0302 0301 0202 0102 0101 0202 0404 0201 0202 0202 0303 0201 0101 0303 0303 0302 0101 0202 0103 0404 0202 0303 0101 0303 0203 0404 
18 , 0202 0404 0103 0303 0401 0403 0404 0401 0102 0303 0303 0303 0101 0101 0101 0202 0301 0101 0301 0404 0404 0404 0202 0303 0303 0202 0202 0202 0202 0202 0101 0404 0101 0303 0303 0303 0303 0303 0102 0303 0101 0404 0301 0103 0202 0303 0202 0101 0402 0101 0101 0101 0101 0202 0202 0304 0202 0201 0303 0102 0403 0403 0304 0202 0404 0303 0204 0404 0404 0401 0101 0104 0404 0303 0303 0301 0202 0201 0101 0202 0402 0201 0202 0202 0403 0201 0103 0103 0303 0202 0201 0202 0303 0404 0202 0301 0401 0303 0202 0404 
19 , 0102 0403 0101 0303 0401 0304 0303 0404 0201 0303 0302 0303 0401 0101 0101 0202 0303 0101 0101 0404 0402 0404 0202 0403 0403 0101 0201 0202 0201 0202 0101 0404 0102 0302 0403 0302 0303 0303 0201 0303 0101 0404 0303 0303 0203 0403 0202 0101 0202 0101 0104 0101 0101 0202 0202 0404 0202 0101 0303 0202 0303 0303 0303 0203 0404 0303 0402 0404 0404 0401 0101 0104 0104 0302 0203 0303 0402 0201 0101 0202 0404 0202 0402 0204 0403 0101 0101 0303 0103 0303 0101 0202 0301 0404 0204 0101 0404 0301 0202 0101 
20 , 0102 0304 0103 0303 0401 0303 0404 0101 0102 0303 0303 0304 0104 0101 0201 0202 0303 0101 0303 0404 0202 0404 0202 0403 0303 0102 0102 0202 0102 0202 0401 0401 0101 0302 0303 0203 0303 0301 0101 0303 0101 0404 0303 0301 0202 0404 0202 0404 0202 0202 0101 0101 0301 0202 0202 0404 0202 0101 0202 0102 0303 0303 0304 0302 0204 0303 0202 0104 0401 0104 0101 0401 0401 0303 0303 0301 0202 0101 0101 0202 0402 0201 0202 0202 0303 0102 0301 0303 0301 0303 0101 0302 0103 0404 0202 0101 0401 0303 0202 0104 
21 , 0101 0404 0103 0303 0401 0403 0303 0101 0102 0303 0202 0303 0104 0101 0101 0101 0303 0101 0103 0404 0204 0104 0202 0303 0304 0201 0101 0202 0202 0202 0101 0104 0101 0202 0304 0302 0303 0303 0201 0303 0101 0104 0303 0303 0203 0404 0204 0101 0402 0101 0101 0101 0103 0202 0202 0404 0202 0102 0203 0101 0403 0303 0304 0202 0404 0303 0202 0401 0404 0101 0101 0104 0404 0303 0303 0303 0202 0201 0401 0202 0404 0102 0404 0202 0303 0101 0101 0303 0101 0203 0102 0202 0303 0403 0202 0103 0404 0303 0202 0104 
22 , 0101 0404 0303 0103 0101 0303 0403 0104 0102 0303 0302 0403 0401 0101 0102 0202 0103 0101 0101 0404 0402 0404 0202 0303 0403 0102 0102 0202 0102 0302 0101 0401 0201 0302 0404 0303 0103 0303 0201 0303 0101 0404 0103 0103 0303 0304 0202 0101 0402 0202 0101 0201 0103 0202 0202 0404 0302 0101 0302 0202 0403 0303 0304 0202 0204 0303 0202 0404 0101 0101 0101 0104 0404 0303 0303 0103 0202 0201 0101 0202 0404 0101 0204 0202 0303 0102 0101 0303 0301 0203 0101 0202 0103 0404 0202 0303 0401 0303 0202 0404 
23 , 0202 0404 0303 0303 0404 0403 0403 0101 0202 0303 0302 0303 0101 0101 0101 0202 0303 0101 0101 0304 0202 0101 0202 0403 0303 0202 0201 0202 0202 0303 0401 0404 0101 0203 0404 0203 0301 0103 0102 0303 0101 0401 0303 0101 0303 0303 0202 0101 0202 0201 0404 0201 0101 0202 0202 0404 0302 0101 0303 0101 0403 0303 0403 0202 0204 0303 0202 0104 0104 0101 0101 0104 0104 0303 0303 0103 0402 0202 0101 0202 0204 0201 0202 0202 0303 0101 0101 0303 0103 0203 0101 0202 0301 0404 0202 0103 0404 0303 0202 0404 
128.507812 0.050577 0.011436 0.342174 2.000000 66.173913 18.332016 -1.000000 -1.000000
