Auto-generated genotype output.
1
2
3
4
5
6
7
8
9
10
11
12
13
14
15
16
17
18
19
20
21
22
23
24
25
26
27
28
29
30
Pop
1 , 0303 0202 0303 0303 0303 0404 0103 0202 0404 0303 0401 0404 0303 0303 0202 0202 0103 0202 0101 0402 0303 0404 0202 0404 0202 0304 0101 0101 0303 0404 
2 , 0303 0202 0303 0303 0303 0404 0301 0201 0404 0202 0404 0404 0303 0202 0302 0202 0103 0202 0101 0202 0103 0404 0302 0403 0201 0304 0101 0201 0303 0403 
3 , 0403 0202 0303 0101 0303 0404 0303 0202 0404 0302 0404 0304 0302 0303 0302 0202 0103 0202 0101 0402 0303 0304 0202 0404 0201 0304 0101 0202 0303 0404 
4 , 0303 0202 0303 0103 0303 0404 0103 0202 0404 0303 0404 0404 0303 0303 0202 0202 0103 0202 0103 0404 0303 0404 0202 0404 0201 0404 0101 0202 0303 0404 
5 , 0303 0102 0303 0303 0303 0204 0103 0102 0404 0203 0404 0404 0203 0303 0302 0202 0303 0202 0101 0202 0303 0404 0303 0404 0202 0303 0401 0202 0303 0404 
6 , 0303 0202 0303 0303 0303 0404 0103 0202 0204 0303 0404 0404 0302 0303 0202 0202 0103 0202 0101 0202 0303 0404 0202 0404 0202 0303 0101 0102 0303 0404 
7 , 0303 0201 0303 0303 0303 0404 0303 0202 0404 0302 0104 0404 0303 0302 0202 0102 0303 0202 0101 0202 0303 0403 0202 0404 0201 0404 0101 0202 0303 0404 
8 , 0303 0202 0303 0103 0303 0404 0101 0202 0404 0303 0104 0404 0202 0303 0202 0102 0103 0202 0101 0404 0301 0403 0202 0404 0102 0303 0101 0202 0303 0404 
9 , 0303 0202 0103 0303 0303 0404 0303 0202 0404 0203 0404 0404 0303 0303 0202 0202 0103 0302 0101 0402 0303 0404 0303 0404 0202 0403 0101 0202 0203 0404 
10 , 0303 0202 0303 0103 0304 0404 0103 0202 0404 0303 0404 0404 0303 0303 0202 0202 0303 0202 0101 0202 0303 0404 0202 0404 0101 0404 0401 0202 0303 0404 
206.504854 0.128305 0.090776 0.252963 2.000000 23.100000 5.211111 -1.000000 -1.000000
