Auto-generated genotype output.
1
2
3
4
5
6
7
8
9
10
11
12
13
14
15
16
17
18
19
20
21
22
23
24
25
26
27
28
29
30
31
32
33
34
35
36
37
38
39
40
41
42
43
44
45
46
47
48
49
50
Pop
1 , 0302 0204 0404 0304 0301 0103 0302 0101 0203 0402 0304 0404 0101 0404 0303 0401 0102 0202 0203 0303 0404 0202 0304 0202 0303 0303 0404 0204 0404 0101 0101 0301 0202 0101 0404 0302 0403 0204 0303 0404 0303 0303 0101 0101 0202 0303 0404 0303 0202 0204 
2 , 0303 0402 0404 0304 0301 0101 0202 0401 0203 0202 0404 0404 0101 0404 0403 0401 0202 0202 0203 0301 0404 0202 0303 0202 0303 0303 0404 0202 0404 0101 0101 0103 0202 0101 0404 0303 0403 0204 0303 0404 0301 0303 0101 0104 0202 0303 0404 0304 0102 0202 
3 , 0303 0402 0404 0304 0101 0101 0202 0401 0302 0204 0403 0404 0101 0404 0303 0104 0101 0203 0202 0101 0404 0202 0304 0201 0304 0301 0404 0204 0404 0101 0101 0301 0202 0101 0404 0303 0404 0204 0101 0304 0101 0303 0101 0101 0202 0303 0404 0303 0202 0402 
4 , 0302 0204 0404 0303 0101 0101 0203 0401 0302 0404 0303 0404 0101 0404 0303 0404 0201 0202 0202 0103 0404 0202 0303 0202 0303 0303 0404 0202 0404 0201 0101 0103 0203 0101 0404 0203 0304 0202 0301 0303 0301 0303 0202 0101 0202 0303 0403 0303 0202 0202 
5 , 0303 0202 0404 0303 0301 0101 0303 0404 0303 0404 0403 0404 0101 0404 0303 0104 0202 0302 0202 0103 0404 0202 0304 0202 0303 0303 0404 0404 0404 0202 0401 0101 0302 0101 0404 0202 0303 0202 0301 0403 0301 0303 0102 0101 0202 0303 0304 0403 0202 0202 
6 , 0303 0402 0404 0404 0101 0103 0303 0101 0202 0202 0403 0404 0201 0404 0403 0401 0201 0302 0202 0301 0404 0202 0303 0202 0303 0103 0404 0402 0404 0201 0101 0101 0202 0103 0404 0203 0303 0404 0103 0403 0101 0303 0102 0101 0202 0303 0303 0404 0202 0202 
7 , 0303 0402 0404 0404 0101 0301 0203 0101 0202 0402 0403 0401 0101 0404 0303 0101 0202 0202 0202 0301 0404 0202 0303 0202 0303 0103 0404 0202 0404 0202 0401 0303 0202 0301 0404 0202 0303 0402 0101 0404 0103 0303 0202 0401 0204 0303 0304 0303 0202 0204 
8 , 0303 0204 0401 0404 0101 0301 0203 0104 0202 0404 0404 0404 0101 0404 0303 0101 0202 0202 0303 0103 0404 0204 0303 0202 0303 0303 0404 0204 0404 0202 0101 0303 0202 0101 0403 0303 0303 0402 0303 0404 0103 0303 0201 0101 0202 0103 0403 0303 0202 0204 
9 , 0303 0402 0404 0403 0103 0101 0203 0101 0202 0204 0404 0401 0102 0404 0303 0101 0202 0202 0202 0101 0404 0404 0303 0202 0303 0303 0404 0402 0404 0202 0104 0101 0202 0101 0404 0302 0404 0404 0301 0404 0303 0303 0202 0101 0202 0103 0404 0303 0202 0402 
10 , 0302 0204 0404 0404 0101 0103 0202 0101 0202 0402 0404 0404 0102 0303 0303 0104 0202 0202 0202 0103 0404 0204 0303 0202 0303 0303 0204 0404 0404 0101 0101 0103 0202 0303 0404 0303 0403 0404 0303 0404 0303 0304 0201 0101 0202 0303 0404 0303 0201 0202 
11 , 0202 0204 0404 0404 0101 0101 0302 0104 0303 0404 0404 0404 0101 0303 0404 0101 0201 0202 0202 0103 0404 0202 0303 0202 0303 0303 0404 0202 0404 0201 0101 0103 0203 0301 0304 0302 0304 0404 0101 0404 0303 0404 0201 0101 0202 0303 0404 0303 0202 0402 
12 , 0302 0402 0404 0304 0301 0101 0302 0401 0202 0402 0303 0404 0101 0404 0303 0401 0102 0202 0202 0303 0404 0202 0304 0202 0303 0303 0404 0204 0404 0102 0104 0301 0203 0101 0404 0203 0303 0404 0101 0404 0303 0303 0201 0101 0202 0303 0303 0303 0202 0204 
13 , 0303 0204 0401 0404 0101 0101 0303 0101 0302 0404 0403 0101 0102 0404 0303 0404 0202 0302 0302 0303 0404 0202 0303 0202 0303 0103 0404 0404 0404 0202 0101 0301 0302 0101 0404 0202 0303 0202 0101 0404 0101 0303 0102 0101 0204 0303 0404 0303 0102 0402 
14 , 0303 0402 0404 0403 0301 0101 0202 0401 0202 0202 0404 0404 0101 0404 0303 0101 0101 0202 0202 0303 0204 0402 0303 0202 0303 0303 0404 0404 0404 0101 0101 0301 0302 0101 0404 0202 0404 0202 0103 0404 0303 0303 0101 0101 0202 0303 0404 0403 0201 0202 
15 , 0302 0402 0404 0404 0303 0101 0302 0101 0302 0404 0303 0104 0101 0404 0303 0101 0201 0202 0202 0301 0402 0404 0304 0202 0303 0303 0404 0202 0104 0102 0101 0303 0303 0101 0404 0202 0404 0204 0301 0404 0101 0303 0202 0101 0202 0103 0303 0403 0201 0204 
16 , 0303 0404 0404 0303 0301 0101 0303 0104 0202 0404 0404 0401 0101 0404 0303 0101 0202 0202 0202 0303 0404 0202 0303 0202 0404 0103 0402 0202 0404 0201 0101 0103 0202 0101 0404 0202 0403 0202 0103 0404 0103 0303 0102 0104 0202 0301 0404 0304 0202 0202 
17 , 0303 0404 0404 0303 0101 0101 0202 0101 0202 0202 0403 0401 0101 0404 0303 0101 0202 0202 0202 0303 0204 0202 0303 0202 0303 0103 0404 0204 0401 0202 0401 0301 0202 0301 0404 0302 0303 0202 0101 0404 0101 0304 0202 0101 0402 0303 0304 0303 0102 0202 
18 , 0303 0204 0404 0404 0101 0103 0202 0101 0202 0402 0404 0404 0101 0404 0303 0104 0202 0302 0302 0303 0404 0204 0403 0202 0303 0303 0404 0402 0404 0101 0101 0101 0202 0101 0404 0202 0303 0402 0303 0403 0303 0303 0201 0101 0202 0303 0404 0304 0201 0204 
19 , 0303 0404 0404 0303 0301 0101 0202 0401 0303 0404 0303 0404 0101 0404 0403 0101 0102 0202 0202 0103 0404 0202 0304 0202 0303 0301 0404 0404 0404 0101 0101 0303 0202 0101 0404 0202 0403 0202 0101 0304 0103 0303 0101 0101 0202 0303 0304 0304 0102 0202 
20 , 0303 0202 0404 0304 0101 0101 0202 0101 0302 0404 0404 0404 0101 0404 0403 0404 0101 0202 0202 0303 0404 0202 0303 0202 0403 0103 0404 0202 0404 0202 0101 0301 0202 0301 0404 0203 0404 0402 0301 0404 0303 0303 0202 0101 0402 0303 0404 0303 0202 0202 
21 , 0303 0204 0404 0404 0101 0101 0303 0101 0302 0402 0404 0404 0101 0304 0403 0104 0101 0202 0202 0101 0404 0202 0303 0202 0303 0303 0404 0404 0404 0101 0101 0103 0202 0301 0304 0302 0303 0202 0103 0403 0101 0304 0101 0101 0202 0103 0403 0303 0201 0402 
226.504425 0.056799 0.109093 0.335667 2.000000 35.047619 4.447619 -1.000000 -1.000000
