Auto-generated genotype output.
1
2
3
4
5
6
7
8
9
10
11
12
13
14
15
16
17
18
19
20
21
22
23
24
25
26
27
28
29
30
31
32
33
34
35
36
37
38
39
40
41
42
43
44
45
46
47
48
49
50
Pop
1 , 0101 0302 0202 0404 0303 0101 0202 0202 0404 0103 0303 0302 0101 0301 0101 0203 0404 0101 0303 0403 0303 0103 0404 0302 0102 0302 0101 0303 0403 0403 0101 0303 0101 0303 0303 0304 0302 0101 0101 0303 0101 0202 0202 0202 0103 0203 0104 0101 0303 0104 
2 , 0101 0303 0102 0404 0303 0401 0202 0202 0401 0303 0303 0202 0101 0103 0101 0202 0404 0101 0302 0304 0303 0303 0404 0202 0102 0202 0101 0303 0403 0404 0101 0303 0101 0303 0303 0304 0303 0101 0101 0303 0101 0202 0202 0202 0101 0303 0404 0103 0303 0401 
3 , 0101 0303 0202 0404 0303 0104 0101 0202 0101 0303 0303 0303 0101 0301 0301 0202 0204 0101 0203 0304 0403 0303 0404 0202 0201 0302 0101 0302 0304 0404 0101 0303 0101 0303 0303 0303 0302 0102 0101 0303 0101 0202 0202 0202 0101 0303 0101 0301 0303 0101 
4 , 0301 0303 0201 0404 0303 0401 0102 0203 0401 0303 0103 0303 0101 0103 0101 0303 0404 0101 0303 0403 0403 0303 0404 0302 0101 0202 0101 0303 0303 0404 0101 0301 0103 0303 0303 0404 0302 0201 0103 0303 0103 0202 0202 0202 0301 0303 0401 0103 0303 0404 
5 , 0101 0303 0201 0404 0303 0104 0202 0202 0104 0303 0301 0302 0101 0101 0101 0303 0402 0101 0302 0404 0304 0103 0404 0303 0202 0202 0101 0303 0403 0404 0101 0303 0101 0303 0303 0303 0303 0202 0101 0303 0303 0202 0204 0202 0301 0303 0104 0301 0303 0401 
6 , 0101 0303 0202 0404 0403 0101 0202 0202 0404 0303 0303 0303 0101 0103 0101 0202 0404 0101 0303 0404 0403 0301 0202 0303 0101 0202 0101 0302 0403 0404 0101 0103 0301 0303 0303 0303 0202 0101 0101 0303 0301 0202 0202 0202 0101 0303 0401 0303 0303 0404 
7 , 0101 0302 0102 0404 0303 0101 0102 0303 0104 0303 0303 0303 0101 0101 0101 0302 0404 0401 0303 0303 0403 0301 0404 0202 0202 0202 0101 0303 0403 0404 0101 0303 0301 0303 0403 0303 0303 0101 0101 0303 0101 0202 0402 0202 0101 0303 0104 0101 0303 0404 
8 , 0301 0303 0202 0404 0303 0101 0202 0202 0101 0101 0103 0303 0101 0101 0101 0202 0402 0101 0303 0303 0404 0101 0204 0303 0202 0202 0101 0303 0303 0404 0101 0303 0101 0303 0303 0303 0303 0102 0101 0303 0101 0202 0202 0202 0103 0303 0404 0103 0301 0404 
9 , 0303 0203 0202 0404 0303 0404 0102 0202 0404 0303 0303 0303 0101 0101 0101 0203 0204 0101 0303 0303 0304 0303 0404 0302 0101 0203 0101 0302 0303 0404 0101 0303 0103 0303 0403 0304 0303 0102 0101 0303 0301 0202 0202 0202 0303 0303 0401 0301 0303 0104 
10 , 0101 0303 0102 0404 0303 0404 0202 0202 0404 0103 0303 0203 0101 0103 0103 0303 0402 0101 0202 0303 0403 0103 0404 0302 0101 0202 0101 0303 0304 0404 0101 0303 0101 0303 0303 0404 0302 0201 0101 0404 0303 0202 0202 0302 0101 0303 0101 0303 0303 0104 
11 , 0301 0303 0201 0404 0303 0101 0202 0202 0404 0101 0303 0303 0104 0103 0101 0303 0202 0101 0303 0403 0303 0301 0402 0303 0101 0202 0101 0303 0403 0404 0101 0303 0101 0304 0303 0303 0203 0101 0103 0303 0101 0202 0402 0202 0101 0303 0101 0303 0303 0404 
12 , 0303 0302 0202 0404 0303 0101 0202 0202 0404 0103 0303 0302 0101 0103 0101 0203 0402 0101 0303 0304 0403 0301 0404 0303 0201 0203 0101 0203 0304 0304 0301 0303 0101 0303 0304 0303 0302 0102 0103 0303 0301 0402 0202 0203 0101 0203 0404 0303 0303 0404 
13 , 0101 0303 0102 0404 0403 0401 0102 0202 0401 0303 0303 0302 0101 0101 0101 0302 0404 0101 0303 0303 0303 0303 0404 0303 0101 0202 0101 0303 0303 0304 0101 0103 0101 0303 0303 0303 0303 0101 0301 0303 0303 0202 0202 0202 0101 0303 0404 0103 0303 0104 
14 , 0103 0303 0202 0403 0303 0101 0202 0202 0401 0103 0303 0203 0101 0103 0301 0203 0404 0101 0303 0303 0403 0103 0404 0303 0102 0202 0101 0303 0403 0404 0101 0103 0101 0303 0303 0403 0303 0201 0101 0303 0101 0202 0202 0202 0101 0303 0104 0101 0303 0101 
15 , 0103 0303 0101 0404 0303 0104 0202 0202 0104 0301 0303 0303 0101 0101 0101 0203 0402 0101 0303 0404 0404 0101 0404 0303 0201 0202 0101 0303 0404 0403 0101 0303 0101 0303 0303 0303 0303 0201 0101 0303 0103 0202 0202 0202 0101 0203 0401 0101 0303 0404 
16 , 0101 0303 0102 0404 0303 0401 0202 0202 0401 0103 0303 0303 0101 0101 0101 0302 0204 0101 0303 0404 0304 0301 0402 0303 0102 0202 0101 0302 0304 0404 0101 0303 0101 0303 0303 0303 0202 0101 0101 0303 0101 0202 0202 0202 0101 0303 0104 0103 0303 0404 
17 , 0101 0303 0202 0404 0303 0101 0102 0302 0101 0103 0303 0203 0101 0101 0101 0203 0404 0101 0303 0403 0403 0303 0404 0303 0101 0202 0101 0303 0304 0404 0101 0303 0101 0303 0303 0303 0302 0102 0101 0303 0301 0202 0204 0302 0101 0203 0401 0101 0303 0404 
18 , 0303 0303 0102 0404 0303 0401 0202 0202 0404 0303 0303 0202 0101 0103 0101 0302 0404 0101 0203 0303 0403 0303 0402 0303 0101 0202 0401 0303 0304 0304 0101 0303 0301 0303 0303 0303 0303 0201 0101 0303 0101 0202 0202 0202 0101 0303 0101 0101 0103 0104 
19 , 0101 0303 0202 0404 0303 0104 0202 0202 0104 0303 0303 0302 0101 0101 0101 0303 0404 0101 0303 0303 0404 0303 0404 0302 0101 0202 0104 0202 0403 0403 0101 0301 0101 0303 0404 0403 0203 0102 0103 0303 0101 0202 0202 0202 0101 0303 0101 0103 0303 0104 
20 , 0301 0303 0202 0404 0303 0101 0202 0203 0404 0303 0303 0303 0101 0301 0103 0203 0404 0101 0302 0403 0304 0303 0402 0303 0201 0302 0401 0303 0303 0403 0101 0301 0103 0303 0403 0404 0303 0101 0301 0303 0101 0202 0202 0202 0101 0303 0404 0103 0301 0401 
21 , 0303 0303 0201 0404 0303 0101 0202 0202 0404 0101 0303 0202 0101 0303 0101 0203 0404 0101 0303 0303 0304 0301 0404 0302 0101 0202 0101 0303 0404 0303 0301 0303 0101 0303 0303 0303 0303 0101 0101 0303 0303 0402 0402 0202 0101 0303 0401 0101 0303 0404 
22 , 0301 0303 0202 0404 0303 0101 0201 0202 0404 0303 0303 0303 0101 0101 0101 0302 0404 0101 0303 0303 0303 0303 0402 0303 0101 0202 0101 0302 0403 0304 0103 0303 0101 0403 0303 0403 0303 0201 0301 0303 0101 0202 0204 0202 0101 0303 0104 0101 0303 0404 
23 , 0303 0303 0202 0304 0303 0101 0202 0202 0104 0303 0303 0203 0101 0101 0101 0303 0404 0101 0203 0303 0404 0301 0404 0303 0101 0202 0104 0303 0304 0404 0101 0303 0101 0303 0304 0304 0302 0102 0301 0303 0301 0202 0404 0202 0101 0303 0404 0101 0303 0404 
24 , 0101 0303 0202 0304 0303 0101 0202 0202 0104 0301 0303 0202 0101 0103 0101 0303 0402 0101 0202 0303 0403 0303 0404 0303 0201 0202 0101 0202 0303 0403 0101 0303 0101 0303 0303 0303 0302 0102 0301 0303 0303 0202 0402 0203 0103 0303 0401 0101 0303 0401 
25 , 0101 0303 0102 0304 0304 0401 0201 0202 0401 0103 0303 0203 0401 0101 0101 0302 0404 0101 0303 0303 0404 0103 0404 0203 0101 0202 0101 0303 0404 0404 0101 0303 0101 0303 0304 0303 0302 0101 0101 0303 0101 0202 0402 0202 0101 0303 0101 0103 0303 0404 
26 , 0103 0303 0101 0404 0303 0104 0202 0202 0401 0303 0303 0302 0104 0101 0101 0203 0404 0101 0303 0403 0404 0103 0402 0302 0201 0202 0101 0302 0403 0404 0101 0303 0101 0304 0303 0303 0302 0202 0101 0303 0101 0202 0202 0202 0101 0203 0401 0301 0303 0404 
27 , 0301 0303 0202 0404 0303 0101 0202 0202 0404 0303 0303 0203 0101 0301 0101 0302 0404 0101 0303 0404 0303 0303 0204 0303 0101 0202 0401 0303 0303 0404 0101 0303 0101 0303 0303 0303 0302 0102 0101 0303 0301 0402 0402 0202 0103 0303 0101 0303 0303 0404 
28 , 0103 0203 0201 0404 0303 0104 0202 0202 0401 0103 0303 0302 0101 0301 0101 0303 0404 0101 0203 0304 0304 0303 0404 0202 0102 0303 0101 0203 0403 0404 0101 0303 0101 0304 0303 0303 0302 0102 0101 0303 0101 0202 0202 0202 0101 0303 0101 0101 0303 0404 
29 , 0103 0302 0102 0404 0303 0404 0202 0202 0401 0103 0303 0302 0101 0103 0101 0203 0404 0101 0303 0404 0403 0303 0202 0303 0101 0202 0104 0303 0303 0404 0101 0303 0101 0303 0303 0403 0303 0101 0303 0303 0301 0202 0202 0202 0303 0303 0104 0103 0303 0404 
30 , 0301 0303 0101 0404 0303 0101 0202 0202 0104 0303 0103 0303 0101 0101 0301 0303 0404 0401 0302 0303 0404 0301 0404 0203 0102 0202 0101 0303 0303 0304 0101 0301 0101 0303 0304 0404 0303 0201 0303 0303 0303 0202 0204 0202 0101 0303 0104 0101 0301 0401 
31 , 0301 0303 0201 0404 0303 0101 0202 0202 0401 0103 0303 0303 0101 0101 0101 0302 0204 0101 0303 0403 0303 0303 0404 0203 0101 0202 0101 0302 0404 0404 0101 0303 0101 0303 0303 0303 0203 0201 0101 0303 0101 0202 0402 0202 0103 0303 0404 0303 0303 0404 
32 , 0301 0303 0101 0404 0304 0101 0202 0202 0104 0303 0303 0302 0101 0101 0101 0202 0404 0401 0303 0303 0303 0303 0404 0202 0101 0202 0101 0202 0303 0404 0101 0303 0301 0303 0304 0304 0303 0201 0101 0303 0301 0202 0202 0202 0101 0303 0101 0103 0303 0401 
33 , 0103 0303 0202 0404 0303 0104 0202 0302 0401 0303 0303 0202 0101 0103 0103 0203 0404 0101 0303 0404 0304 0303 0404 0202 0101 0202 0101 0303 0304 0404 0101 0301 0101 0304 0303 0404 0303 0101 0101 0303 0301 0202 0404 0202 0101 0303 0101 0301 0303 0104 
34 , 0101 0203 0202 0404 0304 0101 0202 0202 0404 0303 0303 0203 0101 0301 0101 0203 0404 0104 0303 0403 0403 0301 0204 0303 0101 0202 0401 0303 0303 0304 0101 0103 0303 0304 0303 0403 0302 0101 0301 0304 0101 0202 0404 0202 0101 0302 0401 0101 0303 0404 
35 , 0101 0203 0201 0404 0303 0101 0202 0203 0404 0103 0303 0303 0104 0301 0103 0303 0404 0101 0203 0303 0304 0303 0204 0202 0202 0202 0101 0303 0303 0304 0101 0303 0101 0403 0403 0404 0303 0201 0301 0304 0301 0202 0402 0202 0101 0303 0104 0103 0303 0404 
36 , 0101 0303 0202 0404 0303 0401 0202 0203 0404 0303 0303 0303 0101 0103 0101 0202 0404 0101 0303 0403 0303 0301 0204 0302 0101 0202 0101 0302 0303 0404 0101 0303 0101 0403 0303 0303 0203 0102 0101 0303 0101 0202 0202 0202 0101 0302 0104 0301 0303 0404 
37 , 0103 0303 0202 0404 0303 0101 0202 0202 0401 0303 0303 0302 0101 0103 0101 0203 0404 0401 0303 0303 0403 0103 0404 0303 0101 0202 0101 0303 0403 0404 0101 0303 0101 0403 0303 0303 0303 0101 0101 0303 0101 0202 0402 0203 0101 0303 0104 0101 0303 0401 
38 , 0101 0203 0102 0404 0303 0104 0102 0202 0104 0301 0303 0303 0101 0101 0101 0302 0402 0101 0303 0303 0404 0101 0404 0302 0201 0202 0404 0302 0304 0404 0101 0303 0301 0303 0303 0403 0303 0101 0301 0303 0101 0202 0204 0202 0101 0303 0401 0101 0303 0104 
39 , 0101 0203 0102 0404 0303 0101 0202 0202 0401 0303 0303 0302 0101 0101 0101 0202 0204 0101 0303 0403 0403 0303 0404 0303 0101 0202 0101 0303 0303 0404 0101 0303 0101 0303 0303 0403 0303 0101 0103 0303 0303 0202 0202 0202 0101 0303 0404 0103 0103 0401 
40 , 0301 0203 0202 0404 0304 0101 0202 0202 0104 0303 0303 0302 0101 0301 0101 0302 0204 0101 0303 0304 0303 0303 0404 0302 0101 0202 0101 0302 0303 0304 0101 0303 0101 0403 0304 0404 0302 0201 0101 0303 0101 0202 0202 0202 0101 0303 0101 0103 0303 0404 
41 , 0101 0302 0201 0404 0303 0101 0202 0202 0104 0301 0303 0202 0101 0103 0101 0303 0404 0101 0303 0403 0303 0301 0404 0303 0101 0202 0104 0303 0303 0404 0101 0303 0101 0303 0303 0403 0203 0102 0103 0303 0301 0202 0202 0202 0103 0303 0101 0301 0303 0404 
42 , 0103 0203 0201 0404 0304 0104 0202 0302 0101 0303 0303 0302 0101 0103 0101 0302 0404 0101 0303 0304 0304 0103 0204 0303 0101 0203 0101 0303 0303 0404 0101 0303 0101 0303 0303 0303 0302 0102 0101 0303 0301 0202 0204 0202 0301 0303 0101 0101 0303 0401 
43 , 0103 0303 0202 0403 0303 0401 0102 0203 0404 0303 0303 0302 0101 0103 0101 0302 0402 0101 0303 0304 0403 0303 0204 0303 0101 0202 0101 0303 0303 0304 0101 0303 0301 0303 0303 0303 0303 0101 0101 0303 0303 0202 0202 0302 0101 0303 0401 0101 0303 0101 
190.505263 0.027116 0.009077 0.301340 2.000000 35.069767 10.352159 -1.000000 -1.000000
