Auto-generated genotype output.
1
2
3
4
5
6
7
8
9
10
11
12
13
14
15
16
17
18
19
20
21
22
23
24
25
26
27
28
29
30
31
32
33
34
35
36
37
38
39
40
41
42
43
44
45
46
47
48
49
50
Pop
1 , 0202 0404 0404 0103 0301 0101 0101 0202 0102 0404 0102 0101 0104 0204 0202 0203 0202 0301 0303 0404 0104 0101 0101 0404 0104 0404 0202 0404 0303 0404 0404 0302 0303 0202 0303 0303 0301 0404 0202 0101 0101 0404 0301 0404 0303 0104 0101 0303 0401 0104 
2 , 0202 0404 0404 0103 0303 0103 0101 0202 0202 0404 0101 0101 0404 0202 0202 0303 0202 0301 0303 0403 0101 0101 0101 0403 0401 0404 0202 0404 0403 0401 0404 0202 0303 0202 0303 0203 0103 0401 0102 0101 0101 0404 0101 0104 0302 0401 0101 0303 0401 0101 
3 , 0203 0404 0403 0301 0301 0101 0101 0202 0202 0404 0101 0201 0401 0202 0202 0303 0202 0101 0303 0404 0401 0101 0101 0404 0404 0204 0202 0404 0303 0101 0404 0202 0303 0202 0303 0202 0303 0404 0202 0102 0101 0404 0101 0101 0203 0101 0101 0303 0104 0101 
4 , 0203 0404 0404 0101 0301 0101 0401 0202 0202 0404 0101 0101 0404 0402 0202 0303 0202 0301 0303 0404 0401 0101 0101 0404 0404 0202 0202 0303 0403 0104 0404 0202 0303 0202 0203 0302 0103 0404 0202 0101 0101 0204 0101 0401 0303 0404 0101 0303 0404 0104 
5 , 0202 0404 0403 0101 0103 0303 0101 0202 0201 0404 0101 0101 0404 0402 0202 0303 0202 0103 0303 0404 0101 0101 0101 0404 0404 0404 0202 0304 0303 0404 0404 0202 0303 0202 0303 0303 0301 0401 0202 0101 0101 0404 0101 0101 0203 0404 0101 0303 0404 0101 
6 , 0202 0404 0303 0103 0103 0303 0104 0202 0202 0404 0101 0101 0404 0202 0202 0303 0202 0103 0303 0403 0104 0101 0101 0403 0404 0204 0102 0403 0304 0404 0402 0202 0303 0202 0303 0202 0301 0401 0202 0101 0101 0404 0101 0101 0303 0404 0101 0303 0401 0101 
7 , 0202 0404 0404 0301 0303 0303 0104 0202 0202 0404 0101 0101 0404 0402 0202 0303 0202 0303 0303 0404 0401 0101 0101 0404 0404 0402 0202 0403 0304 0101 0404 0202 0303 0202 0303 0203 0303 0404 0102 0101 0101 0402 0301 0401 0303 0404 0101 0303 0404 0101 
8 , 0202 0404 0304 0301 0303 0101 0401 0202 0202 0303 0101 0201 0404 0402 0202 0303 0202 0103 0203 0404 0401 0101 0101 0404 0101 0204 0202 0403 0303 0404 0204 0202 0302 0404 0203 0302 0101 0404 0202 0101 0101 0404 0101 0104 0303 0404 0301 0301 0404 0101 
9 , 0202 0404 0404 0101 0101 0101 0404 0202 0202 0404 0102 0101 0404 0204 0202 0303 0202 0301 0303 0403 0401 0101 0101 0403 0401 0402 0202 0404 0304 0104 0204 0202 0203 0204 0203 0302 0301 0104 0202 0101 0101 0402 0301 0104 0303 0404 0101 0303 0404 0101 
10 , 0202 0402 0303 0303 0303 0103 0101 0202 0202 0404 0201 0101 0404 0202 0202 0203 0102 0303 0203 0304 0401 0101 0101 0404 0404 0404 0201 0404 0404 0404 0204 0202 0303 0402 0203 0202 0301 0101 0202 0101 0101 0202 0101 0404 0302 0101 0101 0303 0101 0104 
11 , 0203 0404 0303 0101 0301 0301 0401 0202 0202 0404 0101 0201 0404 0202 0203 0303 0202 0301 0303 0404 0101 0101 0101 0404 0404 0204 0102 0404 0303 0404 0404 0202 0303 0202 0303 0202 0103 0104 0202 0102 0101 0404 0101 0401 0303 0404 0101 0303 0404 0104 
12 , 0302 0404 0403 0301 0301 0103 0401 0302 0102 0404 0101 0101 0404 0202 0202 0303 0202 0301 0203 0404 0101 0101 0101 0304 0104 0402 0202 0404 0403 0401 0204 0202 0303 0202 0302 0303 0303 0404 0202 0101 0101 0204 0103 0101 0303 0101 0101 0303 0104 0101 
13 , 0302 0404 0403 0101 0303 0101 0401 0202 0102 0404 0101 0101 0404 0402 0202 0303 0202 0303 0302 0403 0404 0101 0301 0403 0401 0404 0202 0404 0304 0401 0404 0202 0302 0202 0303 0303 0303 0104 0101 0101 0101 0204 0303 0101 0303 0404 0101 0303 0404 0104 
14 , 0202 0404 0404 0103 0303 0101 0401 0203 0102 0403 0102 0101 0104 0204 0202 0203 0202 0303 0303 0404 0404 0101 0301 0304 0404 0404 0202 0403 0304 0101 0404 0302 0303 0202 0303 0302 0301 0404 0202 0101 0103 0404 0301 0401 0303 0104 0101 0303 0401 0401 
15 , 0202 0404 0404 0303 0301 0303 0401 0202 0201 0404 0101 0101 0104 0404 0202 0303 0202 0303 0303 0304 0401 0101 0101 0404 0401 0202 0202 0404 0404 0404 0404 0202 0303 0204 0203 0202 0101 0101 0202 0101 0301 0402 0101 0104 0303 0101 0101 0301 0101 0401 
16 , 0203 0404 0404 0303 0303 0101 0104 0202 0102 0404 0101 0101 0404 0202 0202 0303 0202 0303 0303 0403 0404 0201 0101 0403 0401 0404 0201 0404 0303 0104 0404 0202 0303 0404 0202 0303 0101 0404 0101 0101 0101 0204 0101 0401 0303 0404 0103 0303 0104 0101 
17 , 0202 0404 0404 0103 0303 0103 0104 0302 0202 0404 0101 0101 0404 0204 0203 0303 0102 0301 0303 0304 0104 0101 0101 0403 0404 0204 0202 0404 0404 0404 0404 0202 0303 0202 0202 0203 0101 0404 0202 0101 0101 0402 0301 0101 0302 0401 0301 0303 0104 0104 
156.506410 0.078413 0.014696 0.315221 2.000000 34.470588 12.139706 -1.000000 -1.000000
