Auto-generated genotype output.
1
2
3
4
5
6
7
8
9
10
11
12
13
14
15
16
17
18
19
20
21
22
23
24
25
26
27
28
29
30
31
32
33
34
35
36
37
38
39
40
41
42
43
44
45
46
47
48
49
50
Pop
1 , 0101 0303 0203 0303 0402 0101 0204 0202 0202 0404 0303 0404 0101 0404 0202 0202 0302 0402 0101 0201 0101 0202 0404 0403 0202 0202 0203 0104 0202 0303 0303 0403 0202 0404 0304 0404 0301 0202 0404 0104 0404 0303 0202 0202 0303 0203 0404 0202 0404 0404 
2 , 0101 0303 0203 0101 0402 0101 0204 0203 0202 0404 0303 0403 0101 0404 0202 0202 0302 0402 0101 0101 0101 0204 0404 0304 0303 0202 0303 0401 0402 0303 0303 0303 0202 0404 0303 0404 0103 0101 0104 0401 0404 0404 0302 0204 0302 0203 0104 0202 0404 0304 
3 , 0101 0303 0303 0103 0404 0401 0402 0302 0204 0404 0301 0404 0101 0404 0202 0203 0203 0202 0101 0101 0101 0202 0404 0404 0203 0203 0203 0104 0402 0303 0303 0303 0202 0404 0304 0404 0101 0202 0401 0101 0402 0303 0202 0202 0203 0303 0104 0202 0404 0304 
4 , 0101 0303 0303 0101 0402 0104 0402 0202 0204 0404 0303 0404 0101 0404 0202 0203 0302 0202 0101 0202 0101 0204 0404 0404 0303 0203 0303 0404 0202 0303 0303 0303 0202 0404 0404 0404 0303 0202 0401 0404 0404 0403 0202 0204 0202 0202 0404 0202 0404 0404 
5 , 0101 0303 0202 0301 0404 0101 0202 0202 0202 0104 0303 0404 0101 0202 0202 0202 0303 0202 0104 0101 0101 0202 0404 0404 0302 0202 0302 0104 0202 0303 0303 0303 0202 0404 0404 0404 0101 0202 0101 0104 0204 0303 0203 0202 0302 0303 0404 0202 0404 0304 
6 , 0101 0303 0303 0303 0404 0404 0404 0203 0202 0404 0301 0404 0201 0404 0202 0202 0302 0202 0101 0102 0101 0202 0404 0304 0202 0302 0303 0101 0202 0303 0303 0303 0202 0401 0404 0402 0103 0202 0101 0404 0404 0304 0203 0202 0202 0303 0101 0202 0404 0403 
7 , 0101 0303 0303 0301 0404 0401 0204 0202 0204 0404 0303 0404 0101 0404 0202 0202 0302 0202 0101 0102 0101 0202 0404 0404 0202 0202 0203 0401 0202 0303 0303 0303 0202 0404 0404 0402 0101 0202 0101 0404 0404 0304 0202 0202 0203 0302 0104 0202 0404 0403 
8 , 0101 0303 0203 0301 0402 0404 0204 0202 0204 0404 0303 0404 0101 0404 0302 0202 0303 0202 0401 0101 0101 0202 0404 0404 0203 0202 0203 0404 0202 0303 0303 0303 0202 0401 0304 0404 0103 0202 0401 0404 0404 0304 0202 0202 0203 0303 0401 0203 0403 0404 
9 , 0101 0303 0303 0103 0204 0101 0402 0202 0404 0404 0303 0404 0101 0404 0202 0202 0302 0202 0404 0101 0101 0202 0104 0304 0203 0202 0303 0104 0202 0103 0303 0303 0202 0404 0403 0404 0303 0202 0104 0401 0204 0303 0203 0202 0203 0302 0104 0202 0304 0404 
10 , 0101 0303 0303 0101 0204 0101 0204 0302 0202 0104 0303 0404 0101 0402 0202 0302 0203 0204 0101 0101 0101 0202 0404 0404 0303 0302 0203 0104 0402 0303 0303 0303 0202 0101 0403 0402 0101 0201 0101 0404 0402 0303 0202 0402 0202 0303 0104 0203 0404 0303 
11 , 0101 0303 0203 0103 0404 0404 0202 0202 0202 0404 0303 0404 0101 0402 0202 0202 0202 0202 0104 0102 0101 0204 0404 0404 0303 0302 0303 0404 0202 0303 0303 0403 0202 0401 0403 0404 0103 0202 0101 0101 0404 0403 0203 0202 0302 0303 0404 0202 0404 0404 
12 , 0101 0303 0303 0303 0204 0404 0404 0302 0202 0404 0303 0404 0101 0404 0202 0202 0303 0202 0101 0102 0101 0202 0104 0304 0203 0202 0302 0404 0202 0303 0303 0303 0202 0104 0304 0404 0301 0202 0101 0404 0404 0404 0202 0202 0302 0303 0404 0302 0404 0404 
13 , 0101 0303 0303 0101 0202 0404 0204 0203 0404 0404 0303 0404 0201 0404 0202 0203 0203 0402 0101 0101 0103 0202 0404 0403 0203 0202 0203 0404 0204 0303 0301 0303 0202 0101 0404 0404 0101 0202 0401 0101 0404 0303 0202 0202 0202 0303 0104 0202 0404 0403 
14 , 0101 0303 0203 0103 0404 0104 0204 0203 0402 0401 0301 0404 0101 0404 0202 0202 0303 0202 0101 0102 0101 0202 0104 0403 0303 0202 0303 0101 0202 0303 0103 0303 0402 0404 0404 0402 0301 0202 0101 0404 0404 0304 0203 0202 0203 0303 0404 0202 0404 0404 
15 , 0101 0303 0202 0301 0404 0104 0404 0202 0202 0404 0303 0404 0101 0404 0202 0202 0303 0202 0104 0102 0101 0202 0101 0403 0303 0303 0303 0404 0202 0303 0103 0303 0202 0104 0304 0404 0303 0202 0101 0401 0402 0303 0202 0204 0203 0303 0401 0202 0404 0403 
16 , 0401 0303 0202 0103 0404 0401 0402 0202 0202 0404 0303 0404 0101 0404 0202 0302 0302 0404 0101 0102 0101 0402 0404 0404 0303 0202 0203 0404 0202 0303 0303 0403 0202 0404 0404 0204 0301 0201 0101 0104 0404 0303 0202 0202 0302 0303 0404 0202 0404 0303 
17 , 0101 0303 0203 0303 0404 0104 0402 0302 0202 0404 0301 0404 0101 0404 0303 0202 0203 0202 0101 0101 0101 0202 0404 0404 0303 0202 0303 0104 0204 0303 0303 0303 0202 0404 0404 0404 0103 0202 0104 0404 0402 0303 0303 0202 0303 0203 0404 0202 0404 0403 
18 , 0101 0303 0202 0103 0404 0101 0404 0202 0204 0401 0103 0404 0101 0404 0202 0202 0303 0402 0401 0101 0101 0202 0401 0304 0303 0202 0203 0404 0402 0303 0303 0303 0202 0404 0404 0404 0301 0202 0104 0104 0404 0303 0202 0202 0203 0302 0104 0202 0404 0404 
19 , 0101 0302 0203 0303 0404 0401 0204 0302 0202 0401 0303 0404 0101 0404 0202 0202 0303 0202 0101 0201 0101 0402 0404 0404 0203 0202 0302 0101 0402 0303 0301 0303 0202 0404 0404 0402 0101 0102 0101 0104 0404 0303 0302 0402 0202 0303 0101 0202 0404 0404 
20 , 0101 0303 0302 0301 0204 0404 0404 0202 0204 0404 0303 0404 0101 0404 0202 0202 0303 0202 0404 0201 0101 0202 0404 0404 0303 0202 0203 0401 0202 0303 0303 0303 0202 0104 0404 0202 0103 0102 0401 0401 0204 0403 0203 0202 0202 0203 0104 0202 0404 0304 
21 , 0101 0303 0202 0101 0204 0401 0402 0202 0402 0404 0303 0404 0102 0402 0202 0202 0302 0404 0401 0101 0101 0202 0404 0404 0303 0202 0303 0404 0402 0303 0301 0303 0202 0404 0404 0404 0103 0201 0101 0104 0402 0403 0202 0202 0202 0303 0404 0202 0404 0303 
22 , 0101 0303 0302 0101 0404 0401 0404 0202 0402 0104 0303 0404 0101 0404 0202 0202 0303 0204 0101 0201 0101 0202 0404 0404 0203 0203 0303 0104 0202 0303 0303 0304 0202 0404 0304 0404 0301 0201 0104 0104 0404 0303 0202 0202 0202 0303 0404 0203 0404 0404 
23 , 0101 0303 0303 0101 0404 0101 0402 0202 0402 0101 0303 0404 0101 0404 0303 0202 0303 0402 0101 0101 0101 0202 0104 0404 0303 0202 0303 0401 0204 0103 0303 0303 0402 0401 0403 0204 0301 0202 0101 0101 0204 0304 0203 0202 0303 0302 0104 0202 0403 0404 
216.504630 0.051136 -0.009614 0.308340 2.000000 34.434783 6.984190 -1.000000 -1.000000
